   0.00000000       0.00000000    
   0.00000000       0.00000000    
   3.66210952E-05   0.00000000    
   7.32421904E-05  0.144225851    
   1.09863286E-04  0.287963569    
   1.46484381E-04  0.431202412    
   1.83105469E-04  0.573974907    
   2.19726557E-04  0.716269672    
   2.56347645E-04  0.858112693    
   2.92968733E-04  0.999525368    
   3.29589820E-04   1.14052057    
   3.66210908E-04   1.28111327    
   4.02831996E-04   1.42131495    
   4.39453084E-04   1.56114733    
   4.76074172E-04   1.70061123    
   5.12695289E-04   1.83971870    
   5.49316406E-04   1.97849262    
   5.85937523E-04   2.11690950    
   6.22558640E-04   2.25501490    
   6.59179757E-04   2.39277864    
   6.95800874E-04   2.53024983    
   7.32421991E-04   2.66740584    
   7.69043108E-04   2.80427122    
   8.05664225E-04   2.94083071    
   8.42285343E-04   3.07711434    
   8.78906460E-04   3.21308756    
   9.15527577E-04   3.34732437    
   9.52148694E-04   3.48274946    
   9.88769811E-04   3.61794376    
   1.02539093E-03   3.75285625    
   1.06201204E-03   3.88749361    
   1.09863316E-03   4.02189875    
   1.13525428E-03   4.15603781    
   1.17187540E-03   4.28994846    
   1.20849651E-03   4.42359972    
   1.24511763E-03   4.55702925    
   1.28173875E-03   4.69019842    
   1.31835986E-03   4.82313967    
   1.35498098E-03   4.95584488    
   1.39160210E-03   5.08835363    
   1.42822322E-03   5.22060108    
   1.46484433E-03   5.35265207    
   1.50146545E-03   5.48446369    
   1.53808657E-03   5.61606169    
   1.57470768E-03   5.74744129    
   1.61132880E-03   5.87861872    
   1.64794992E-03   6.00959873    
   1.68457103E-03   6.14034414    
   1.72119215E-03   6.27090311    
   1.75781327E-03   6.40125656    
   1.79443439E-03   6.53140497    
   1.83105550E-03   6.66136217    
   1.86767662E-03   6.79112530    
   1.90429774E-03   6.92068434    
   1.94091885E-03   7.05005121    
   1.97753985E-03   7.17921829    
   2.01416085E-03   7.30824566    
   2.05078186E-03   7.43700600    
   2.08740286E-03   7.56562757    
   2.12402386E-03   7.69407225    
   2.16064486E-03   7.82232809    
   2.19726586E-03   7.95037937    
   2.23388686E-03   8.07827759    
   2.27050786E-03   8.20600414    
   2.30712886E-03   8.33355713    
   2.34374986E-03   8.46090794    
   2.38037086E-03   8.58808708    
   2.41699186E-03   8.71509075    
   2.45361286E-03   8.84195900    
   2.49023386E-03   8.96865368    
   2.52685486E-03   9.09515858    
   2.56347586E-03   9.22146988    
   2.60009686E-03   9.34770775    
   2.63671787E-03   9.47368526    
   2.67333887E-03   9.59954834    
   2.70995987E-03   9.72523499    
   2.74658087E-03   9.85079861    
   2.78320187E-03   9.97618866    
   2.81982287E-03   10.1014137    
   2.85644387E-03   10.2264490    
   2.89306487E-03   10.3513508    
   2.92968587E-03   10.4761572    
   2.96630687E-03   10.6007872    
   3.00292787E-03   10.7252588    
   3.03954887E-03   10.8495827    
   3.07616987E-03   10.9737110    
   3.11279087E-03   11.0977707    
   3.14941187E-03   11.2216377    
   3.18603287E-03   11.3453779    
   3.22265388E-03   11.4689283    
   3.25927488E-03   11.5923815    
   3.29589588E-03   11.7156992    
   3.33251688E-03   11.8388319    
   3.36913788E-03   11.9618187    
   3.40575888E-03   12.0847139    
   3.44237988E-03   12.2073984    
   3.47900088E-03   12.3300028    
   3.51562188E-03   12.4524813    
   3.55224288E-03   12.5747890    
   3.58886388E-03   12.6969376    
   3.62548488E-03   12.8189831    
   3.66210588E-03   12.9408865    
   3.69872688E-03   13.0625944    
   3.73534788E-03   13.1842632    
   3.77196888E-03   13.3057890    
   3.80858989E-03   13.4271250    
   3.84521089E-03   13.5483379    
   3.88183189E-03   13.6694269    
   3.91845312E-03   13.7904387    
   3.95507412E-03   13.9113016    
   3.99169512E-03   14.0319099    
   4.02831612E-03   14.1526175    
   4.06493712E-03   14.2730560    
   4.10155812E-03   14.3934813    
   4.13817912E-03   14.5137739    
   4.17480012E-03   14.6338882    
   4.21142112E-03   14.7538700    
   4.24804213E-03   14.8737459    
   4.28466313E-03   14.9935141    
   4.32128413E-03   15.1131592    
   4.35790513E-03   15.2326946    
   4.39452613E-03   15.3520498    
   4.43114713E-03   15.4713230    
   4.46776813E-03   15.5905352    
   4.50438913E-03   15.7095175    
   4.54101013E-03   15.8284197    
   4.57763113E-03   15.9472160    
   4.61425213E-03   16.0659275    
   4.65087313E-03   16.1845551    
   4.68749413E-03   16.3031101    
   4.72411513E-03   16.4215240    
   4.76073613E-03   16.5397377    
   4.79735713E-03   16.6579456    
   4.83397814E-03   16.7759647    
   4.87059914E-03   16.8939476    
   4.90722014E-03   17.0117455    
   4.94384114E-03   17.1295395    
   4.98046214E-03   17.2471809    
   5.01708314E-03   17.3645973    
   5.05370414E-03   17.4819870    
   5.09032514E-03   17.5992489    
   5.12694614E-03   17.7164211    
   5.16356714E-03   17.8334999    
   5.20018814E-03   17.9504852    
   5.23680914E-03   18.0673294    
   5.27343014E-03   18.1840572    
   5.31005114E-03   18.3006363    
   5.34667214E-03   18.4171276    
   5.38329314E-03   18.5335445    
   5.41991415E-03   18.6498318    
   5.45653515E-03   18.7660923    
   5.49315615E-03   18.8820648    
   5.52977715E-03   18.9979973    
   5.56639815E-03   19.1139698    
   5.60301915E-03   19.2296696    
   5.63964015E-03   19.3454247    
   5.67626115E-03   19.4609871    
   5.71288215E-03   19.5764446    
   5.74950315E-03   19.6916637    
   5.78612415E-03   19.8069286    
   5.82274515E-03   19.9221039    
   5.85936615E-03   20.0372124    
   5.89598715E-03   20.1521263    
   5.93260815E-03   20.2667942    
   5.96922915E-03   20.3815765    
   6.00585015E-03   20.4961643    
   6.04247116E-03   20.6106834    
   6.07909216E-03   20.7252121    
   6.11571316E-03   20.8394566    
   6.15233416E-03   20.9537430    
   6.18895516E-03   21.0677948    
   6.22557616E-03   21.1818008    
   6.26219716E-03   21.2956657    
   6.29881816E-03   21.4095287    
   6.33543916E-03   21.5231133    
   6.37206016E-03   21.6368046    
   6.40868116E-03   21.7503262    
   6.44530216E-03   21.8637333    
   6.48192316E-03   21.9770031    
   6.51854416E-03   22.0902233    
   6.55516516E-03   22.2033291    
   6.59178616E-03   22.3163548    
   6.62840717E-03   22.4292126    
   6.66502817E-03   22.5421677    
   6.70164917E-03   22.6547546    
   6.73827017E-03   22.7673416    
   6.77489117E-03   22.8799038    
   6.81151217E-03   22.9923763    
   6.84813317E-03   23.1046391    
   6.88475417E-03   23.2168579    
   6.92137517E-03   23.3290005    
   6.95799617E-03   23.4410515    
   6.99461717E-03   23.5529652    
   7.03123817E-03   23.6647949    
   7.06785917E-03   23.7764473    
   7.10448017E-03   23.8882103    
   7.14110117E-03   23.9997368    
   7.17772217E-03   24.1112309    
   7.21434318E-03   24.2223511    
   7.25096418E-03   24.3336811    
   7.28758518E-03   24.4448738    
   7.32420618E-03   24.5559254    
   7.36082718E-03   24.6669178    
   7.39744818E-03   24.7776814    
   7.43406918E-03   24.8883972    
   7.47069018E-03   24.9991798    
   7.50731118E-03   25.1096287    
   7.54393218E-03   25.2201824    
   7.58055318E-03   25.3307152    
   7.61717418E-03   25.4411736    
   7.65379518E-03   25.5513878    
   7.69041618E-03   25.6615257    
   7.72703718E-03   25.7717419    
   7.76365818E-03   25.8817444    
   7.80027919E-03   25.9919853    
   7.83690065E-03   26.1022186    
   7.87352212E-03   26.2120972    
   7.91014358E-03   26.3222027    
   7.94676505E-03   26.4318695    
   7.98338652E-03   26.5416298    
   8.02000798E-03   26.6513271    
   8.05662945E-03   26.7608547    
   8.09325092E-03   26.8704338    
   8.12987238E-03   26.9797955    
   8.16649385E-03   27.0890369    
   8.20311531E-03   27.1983013    
   8.23973678E-03   27.3072548    
   8.27635825E-03   27.4164276    
   8.31297971E-03   27.5251598    
   8.34960118E-03   27.6330013    
   8.38622265E-03   27.7428188    
   8.42284411E-03   27.8503532    
   8.45946558E-03   27.9577141    
   8.49608704E-03   28.0682983    
   8.53270851E-03   28.1758022    
   8.56932998E-03   28.2827930    
   8.60595144E-03   28.3910694    
   8.64257291E-03   28.4991341    
   8.67919438E-03   28.6071339    
   8.71581584E-03   28.7150040    
   8.75243731E-03   28.8227329    
   8.78905877E-03   28.9305458    
   8.82568024E-03   29.0381184    
   8.86230171E-03   29.1455879    
   8.89892317E-03   29.2529812    
   8.93554464E-03   29.3603249    
   8.97216611E-03   29.4677143    
   9.00878757E-03   29.5747776    
   9.04540904E-03   29.6818581    
   9.08203050E-03   29.7886848    
   9.11865197E-03   29.8956566    
   9.15527344E-03   30.0024261    
   9.19189490E-03   30.1092567    
   9.22851637E-03   30.2156982    
   9.26513784E-03   30.3222237    
   9.30175930E-03   30.4286003    
   9.33838077E-03   30.5348415    
   9.37500224E-03   30.6410198    
   9.41162370E-03   30.7471600    
   9.44824517E-03   30.8531666    
   9.48486663E-03   30.9589386    
   9.52148810E-03   31.0650063    
   9.55810957E-03   31.1706333    
   9.59473103E-03   31.2762814    
   9.63135250E-03   31.3818035    
   9.66797397E-03   31.4872723    
   9.70459543E-03   31.5925255    
   9.74121690E-03   31.6977196    
   9.77783836E-03   31.8028240    
   9.81445983E-03   31.9078674    
   9.85108130E-03   32.0128441    
   9.88770276E-03   32.1177368    
   9.92432423E-03   32.2224541    
   9.96094570E-03   32.3270988    
   9.99756716E-03   32.4316597    
   1.00341886E-02   32.5361481    
   1.00708101E-02   32.6403046    
   1.01074316E-02   32.7447472    
   1.01440530E-02   32.8487816    
   1.01806745E-02   32.9529305    
   1.02172960E-02   33.0568733    
   1.02539174E-02   33.1607361    
   1.02905389E-02   33.2644272    
   1.03271604E-02   33.3681030    
   1.03637818E-02   33.4716225    
   1.04004033E-02   33.5751381    
   1.04370248E-02   33.6783485    
   1.04736462E-02   33.7816162    
   1.05102677E-02   33.8846550    
   1.05468892E-02   33.9879303    
   1.05835106E-02   34.0906830    
   1.06201321E-02   34.1939201    
   1.06567536E-02   34.2971687    
   1.06933750E-02   34.4005203    
   1.07299965E-02   34.5037117    
   1.07666180E-02   34.6066933    
   1.08032394E-02   34.7096825    
   1.08398609E-02   34.8125916    
   1.08764824E-02   34.9153214    
   1.09131038E-02   35.0178986    
   1.09497253E-02   35.1203156    
   1.09863468E-02   35.2229004    
   1.10229682E-02   35.3251953    
   1.10595897E-02   35.4273682    
   1.10962112E-02   35.5295792    
   1.11328326E-02   35.6316414    
   1.11694541E-02   35.7335510    
   1.12060755E-02   35.8353691    
   1.12426970E-02   35.9371414    
   1.12793185E-02   36.0387535    
   1.13159399E-02   36.1402550    
   1.13525614E-02   36.2417603    
   1.13891829E-02   36.3429146    
   1.14258043E-02   36.4442024    
   1.14624258E-02   36.5453033    
   1.14990473E-02   36.6463394    
   1.15356687E-02   36.7471313    
   1.15722902E-02   36.8476601    
   1.16089117E-02   36.9485435    
   1.16455331E-02   37.0491028    
   1.16821546E-02   37.1495285    
   1.17187761E-02   37.2497215    
   1.17553975E-02   37.3501167    
   1.17920190E-02   37.4500351    
   1.18286405E-02   37.5502167    
   1.18652619E-02   37.6500626    
   1.19018834E-02   37.7498474    
   1.19385049E-02   37.8496056    
   1.19751263E-02   37.9490662    
   1.20117478E-02   38.0486412    
   1.20483693E-02   38.1479301    
   1.20849907E-02   38.2471123    
   1.21216122E-02   38.3464813    
   1.21582337E-02   38.4451218    
   1.21948551E-02   38.5440292    
   1.22314766E-02   38.6429672    
   1.22680981E-02   38.7415504    
   1.23047195E-02   38.8400307    
   1.23413410E-02   38.9385529    
   1.23779625E-02   39.0368042    
   1.24145839E-02   39.1348000    
   1.24512054E-02   39.2328873    
   1.24878269E-02   39.3310928    
   1.25244483E-02   39.4287682    
   1.25610698E-02   39.5267105    
   1.25976913E-02   39.6240845    
   1.26343127E-02   39.7217827    
   1.26709342E-02   39.8189354    
   1.27075557E-02   39.9161797    
   1.27441771E-02   40.0134468    
   1.27807986E-02   40.1101990    
   1.28174201E-02   40.2074509    
   1.28540415E-02   40.3039894    
   1.28906630E-02   40.4007988    
   1.29272845E-02   40.4971046    
   1.29639059E-02   40.5936203    
   1.30005274E-02   40.6897163    
   1.30371489E-02   40.7859879    
   1.30737703E-02   40.8820152    
   1.31103918E-02   40.9779472    
   1.31470133E-02   41.0737572    
   1.31836347E-02   41.1692734    
   1.32202562E-02   41.2655449    
   1.32568777E-02   41.3615265    
   1.32934991E-02   41.4578400    
   1.33301206E-02   41.5538559    
   1.33667421E-02   41.6494713    
   1.34033635E-02   41.7453461    
   1.34399850E-02   41.8407516    
   1.34766065E-02   41.9362640    
   1.35132279E-02   42.0317459    
   1.35498494E-02   42.1267052    
   1.35864709E-02   42.2217865    
   1.36230923E-02   42.3167610    
   1.36597138E-02   42.4114571    
   1.36963353E-02   42.5063477    
   1.37329567E-02   42.6009064    
   1.37695782E-02   42.6950569    
   1.38061997E-02   42.7892570    
   1.38428211E-02   42.8835678    
   1.38794426E-02   42.9776268    
   1.39160641E-02   43.0713196    
   1.39526855E-02   43.1654663    
   1.39893070E-02   43.2588615    
   1.40259285E-02   43.3521729    
   1.40625499E-02   43.4458466    
   1.40991714E-02   43.5389595    
   1.41357929E-02   43.6321182    
   1.41724143E-02   43.7250175    
   1.42090358E-02   43.8177605    
   1.42456573E-02   43.9105263    
   1.42822787E-02   44.0028839    
   1.43189002E-02   44.0953979    
   1.43555216E-02   44.1874847    
   1.43921431E-02   44.2798424    
   1.44287646E-02   44.3718681    
   1.44653860E-02   44.4636993    
   1.45020075E-02   44.5553474    
   1.45386290E-02   44.6470566    
   1.45752504E-02   44.7385216    
   1.46118719E-02   44.8297577    
   1.46484934E-02   44.9206963    
   1.46851148E-02   45.0115814    
   1.47217363E-02   45.1028099    
   1.47583578E-02   45.1934433    
   1.47949792E-02   45.2839890    
   1.48316007E-02   45.3743057    
   1.48682222E-02   45.4644966    
   1.49048436E-02   45.5546532    
   1.49414651E-02   45.6446228    
   1.49780866E-02   45.7344093    
   1.50147080E-02   45.8241539    
   1.50513295E-02   45.9139709    
   1.50879510E-02   46.0033379    
   1.51245724E-02   46.0926666    
   1.51611939E-02   46.1816521    
   1.51978154E-02   46.2703972    
   1.52344368E-02   46.3593025    
   1.52710583E-02   46.4479752    
   1.53076798E-02   46.5363884    
   1.53443012E-02   46.6245537    
   1.53809227E-02   46.7129860    
   1.54175442E-02   46.8005753    
   1.54541656E-02   46.8888054    
   1.54907871E-02   46.9765587    
   1.55274086E-02   47.0641785    
   1.55640300E-02   47.1515427    
   1.56006515E-02   47.2388992    
   1.56372730E-02   47.3260384    
   1.56738944E-02   47.4132690    
   1.57105159E-02   47.5010452    
   1.57471374E-02   47.5883980    
   1.57837588E-02   47.6760139    
   1.58203803E-02   47.7632408    
   1.58570018E-02   47.8501625    
   1.58936232E-02   47.9372749    
   1.59302447E-02   48.0239944    
   1.59668662E-02   48.1105270    
   1.60034876E-02   48.1969604    
   1.60401091E-02   48.2831573    
   1.60767306E-02   48.3692894    
   1.61133520E-02   48.4552498    
   1.61499735E-02   48.5410728    
   1.61865950E-02   48.6266861    
   1.62232164E-02   48.7121849    
   1.62598379E-02   48.7974586    
   1.62964594E-02   48.8828049    
   1.63330808E-02   48.9673920    
   1.63697023E-02   49.0524521    
   1.64063238E-02   49.1369019    
   1.64429452E-02   49.2215805    
   1.64795667E-02   49.3060150    
   1.65161882E-02   49.3899040    
   1.65528096E-02   49.4740677    
   1.65894311E-02   49.5580940    
   1.66260526E-02   49.6416054    
   1.66626740E-02   49.7248650    
   1.66992955E-02   49.8081818    
   1.67359170E-02   49.8912582    
   1.67725384E-02   49.9743385    
   1.68091599E-02   50.0572281    
   1.68457814E-02   50.1397476    
   1.68824028E-02   50.2222862    
   1.69190243E-02   50.3045311    
   1.69556458E-02   50.3867836    
   1.69922672E-02   50.4687691    
   1.70288887E-02   50.5503922    
   1.70655102E-02   50.6319008    
   1.71021316E-02   50.7133904    
   1.71387531E-02   50.7944717    
   1.71753746E-02   50.8756866    
   1.72119960E-02   50.9567261    
   1.72486175E-02   51.0372772    
   1.72852390E-02   51.1179924    
   1.73218604E-02   51.1981812    
   1.73584819E-02   51.2785301    
   1.73951034E-02   51.3583298    
   1.74317248E-02   51.4382439    
   1.74683463E-02   51.5177078    
   1.75049677E-02   51.5973396    
   1.75415892E-02   51.6765671    
   1.75782107E-02   51.7558746    
   1.76148321E-02   51.8349457    
   1.76514536E-02   51.9134865    
   1.76880751E-02   51.9920044    
   1.77246965E-02   52.0704727    
   1.77613180E-02   52.1488152    
   1.77979395E-02   52.2265930    
   1.78345609E-02   52.3045616    
   1.78711824E-02   52.3822517    
   1.79078039E-02   52.4597549    
   1.79444253E-02   52.5370560    
   1.79810468E-02   52.6143646    
   1.80176683E-02   52.6908531    
   1.80542897E-02   52.7680054    
   1.80909112E-02   52.8443260    
   1.81275327E-02   52.9206657    
   1.81641541E-02   52.9970055    
   1.82007756E-02   53.0730705    
   1.82373971E-02   53.1493340    
   1.82740185E-02   53.2258072    
   1.83106400E-02   53.3022804    
   1.83472615E-02   53.3783035    
   1.83838829E-02   53.4541550    
   1.84205044E-02   53.5299683    
   1.84571259E-02   53.6053543    
   1.84937473E-02   53.6809349    
   1.85303688E-02   53.7560081    
   1.85669903E-02   53.8313789    
   1.86036117E-02   53.9057732    
   1.86402332E-02   53.9805145    
   1.86768547E-02   54.0550385    
   1.87134761E-02   54.1293831    
   1.87500976E-02   54.2032967    
   1.87867191E-02   54.2771530    
   1.88233405E-02   54.3507004    
   1.88599620E-02   54.4243279    
   1.88965835E-02   54.4974251    
   1.89332049E-02   54.5708084    
   1.89698264E-02   54.6434937    
   1.90064479E-02   54.7161484    
   1.90430693E-02   54.7884979    
   1.90796908E-02   54.8609619    
   1.91163123E-02   54.9332237    
   1.91529337E-02   55.0048904    
   1.91895552E-02   55.0766525    
   1.92261767E-02   55.1483383    
   1.92627981E-02   55.2194023    
   1.92994196E-02   55.2907753    
   1.93360411E-02   55.3616562    
   1.93726625E-02   55.4324036    
   1.94092840E-02   55.5027046    
   1.94459055E-02   55.5733337    
   1.94825269E-02   55.6434937    
   1.95191484E-02   55.7134018    
   1.95557699E-02   55.7831345    
   1.95923913E-02   55.8527603    
   1.96290128E-02   55.9221039    
   1.96656343E-02   55.9910698    
   1.97022557E-02   56.0601158    
   1.97388772E-02   56.1288223    
   1.97754987E-02   56.1976776    
   1.98121201E-02   56.2659264    
   1.98487416E-02   56.3338470    
   1.98853631E-02   56.4020615    
   1.99219845E-02   56.4697151    
   1.99586060E-02   56.5374565    
   1.99952275E-02   56.6047935    
   2.00318489E-02   56.6716995    
   2.00684704E-02   56.7388000    
   2.01050919E-02   56.8056183    
   2.01417133E-02   56.8722420    
   2.01783348E-02   56.9388428    
   2.02149563E-02   57.0047302    
   2.02515777E-02   57.0707855    
   2.02881992E-02   57.1368256    
   2.03248207E-02   57.2023468    
   2.03614421E-02   57.2677307    
   2.03980636E-02   57.3328629    
   2.04346851E-02   57.3979225    
   2.04713065E-02   57.4625740    
   2.05079280E-02   57.5270691    
   2.05445495E-02   57.5916862    
   2.05811709E-02   57.6560860    
   2.06177924E-02   57.7198830    
   2.06544138E-02   57.7836723    
   2.06910353E-02   57.8472557    
   2.07276568E-02   57.9105339    
   2.07642782E-02   57.9737396    
   2.08008997E-02   58.0367508    
   2.08375212E-02   58.0994759    
   2.08741426E-02   58.1621094    
   2.09107641E-02   58.2243500    
   2.09473856E-02   58.2865219    
   2.09840070E-02   58.3489380    
   2.10206285E-02   58.4104424    
   2.10572500E-02   58.4721794    
   2.10938714E-02   58.5336494    
   2.11304929E-02   58.5946121    
   2.11671144E-02   58.6556702    
   2.12037358E-02   58.7167358    
   2.12403573E-02   58.7771606    
   2.12769788E-02   58.8377266    
   2.13136002E-02   58.8980865    
   2.13502217E-02   58.9578972    
   2.13868432E-02   59.0178185    
   2.14234646E-02   59.0775185    
   2.14600861E-02   59.1369514    
   2.14967076E-02   59.1961975    
   2.15333290E-02   59.2551003    
   2.15699505E-02   59.3142014    
   2.16065720E-02   59.3726883    
   2.16431934E-02   59.4313316    
   2.16798149E-02   59.4899712    
   2.17164364E-02   59.5486679    
   2.17530578E-02   59.6070747    
   2.17896793E-02   59.6650352    
   2.18263008E-02   59.7230263    
   2.18629222E-02   59.7808990    
   2.18995437E-02   59.8382950    
   2.19361652E-02   59.8955956    
   2.19727866E-02   59.9525261    
   2.20094081E-02   60.0099030    
   2.20460296E-02   60.0663834    
   2.20826510E-02   60.1229286    
   2.21192725E-02   60.1792183    
   2.21558940E-02   60.2355347    
   2.21925154E-02   60.2911873    
   2.22291369E-02   60.3469810    
   2.22657584E-02   60.4022789    
   2.23023798E-02   60.4578323    
   2.23390013E-02   60.5130844    
   2.23756228E-02   60.5679398    
   2.24122442E-02   60.6227760    
   2.24488657E-02   60.6770859    
   2.24854872E-02   60.7312393    
   2.25221086E-02   60.7855835    
   2.25587301E-02   60.8395538    
   2.25953516E-02   60.8932266    
   2.26319730E-02   60.9468307    
   2.26685945E-02   61.0002060    
   2.27052160E-02   61.0534019    
   2.27418374E-02   61.1063614    
   2.27784589E-02   61.1590958    
   2.28150804E-02   61.2120590    
   2.28517018E-02   61.2643166    
   2.28883233E-02   61.3162193    
   2.29249448E-02   61.3684578    
   2.29615662E-02   61.4201813    
   2.29981877E-02   61.4719048    
   2.30348092E-02   61.5234146    
   2.30714306E-02   61.5747108    
   2.31080521E-02   61.6256523    
   2.31446736E-02   61.6764908    
   2.31812950E-02   61.7270927    
   2.32179165E-02   61.7779427    
   2.32545380E-02   61.8279305    
   2.32911594E-02   61.8782234    
   2.33277809E-02   61.9279327    
   2.33644024E-02   61.9777412    
   2.34010238E-02   62.0272675    
   2.34376453E-02   62.0765266    
   2.34742668E-02   62.1257515    
   2.35108882E-02   62.1748848    
   2.35475097E-02   62.2235909    
   2.35841312E-02   62.2724190    
   2.36207526E-02   62.3211021    
   2.36573741E-02   62.3692703    
   2.36939956E-02   62.4173126    
   2.37306170E-02   62.4651451    
   2.37672385E-02   62.5128517    
   2.38038599E-02   62.5601997    
   2.38404814E-02   62.6075287    
   2.38771029E-02   62.6549416    
   2.39137243E-02   62.7017975    
   2.39503458E-02   62.7488289    
   2.39869673E-02   62.7955894    
   2.40235887E-02   62.8419228    
   2.40602102E-02   62.8883553    
   2.40968317E-02   62.9345284    
   2.41334531E-02   62.9802399    
   2.41700746E-02   63.0260124    
   2.42066961E-02   63.0717354    
   2.42433175E-02   63.1175270    
   2.42799390E-02   63.1627502    
   2.43165605E-02   63.2074852    
   2.43531819E-02   63.2525940    
   2.43898034E-02   63.2973061    
   2.44264249E-02   63.3420486    
   2.44630463E-02   63.3863983    
   2.44996678E-02   63.4309120    
   2.45362893E-02   63.4748917    
   2.45729107E-02   63.5186577    
   2.46095322E-02   63.5627403    
   2.46461537E-02   63.6062126    
   2.46827751E-02   63.6497421    
   2.47193966E-02   63.6930161    
   2.47560181E-02   63.7359772    
   2.47926395E-02   63.7788124    
   2.48292610E-02   63.8216820    
   2.48658825E-02   63.8639946    
   2.49025039E-02   63.9069862    
   2.49391254E-02   63.9488983    
   2.49757469E-02   63.9913521    
   2.50123683E-02   64.0329971    
   2.50489898E-02   64.0749969    
   2.50856113E-02   64.1167984    
   2.51222327E-02   64.1585236    
   2.51588542E-02   64.1996231    
   2.51954757E-02   64.2407074    
   2.52320971E-02   64.2817459    
   2.52687186E-02   64.3226929    
   2.53053401E-02   64.3639374    
   2.53419615E-02   64.4044037    
   2.53785830E-02   64.4445648    
   2.54152045E-02   64.4850540    
   2.54518259E-02   64.5256195    
   2.54884474E-02   64.5659714    
   2.55250689E-02   64.6062851    
   2.55616903E-02   64.6469345    
   2.55983118E-02   64.6869736    
   2.56349333E-02   64.7274551    
   2.56715547E-02   64.7669907    
   2.57081762E-02   64.8070908    
   2.57447977E-02   64.8468246    
   2.57814191E-02   64.8859024    
   2.58180406E-02   64.9258881    
   2.58546621E-02   64.9648819    
   2.58912835E-02   65.0041046    
   2.59279050E-02   65.0434952    
   2.59645265E-02   65.0819626    
   2.60011479E-02   65.1208267    
   2.60377694E-02   65.1593246    
   2.60743909E-02   65.1982727    
   2.61110123E-02   65.2366486    
   2.61476338E-02   65.2749252    
   2.61842553E-02   65.3132477    
   2.62208767E-02   65.3514938    
   2.62574982E-02   65.3894043    
   2.62941197E-02   65.4274368    
   2.63307411E-02   65.4645691    
   2.63673626E-02   65.5025101    
   2.64039841E-02   65.5402603    
   2.64406055E-02   65.5776901    
   2.64772270E-02   65.6149902    
   2.65138485E-02   65.6521759    
   2.65504699E-02   65.6891098    
   2.65870914E-02   65.7262650    
   2.66237129E-02   65.7633514    
   2.66603343E-02   65.7998810    
   2.66969558E-02   65.8369751    
   2.67335773E-02   65.8733139    
   2.67701987E-02   65.9098816    
   2.68068202E-02   65.9467392    
   2.68434417E-02   65.9824295    
   2.68800631E-02   66.0185318    
   2.69166846E-02   66.0548630    
   2.69533060E-02   66.0908737    
   2.69899275E-02   66.1269684    
   2.70265490E-02   66.1627350    
   2.70631704E-02   66.2552948    
   2.70997919E-02   66.3652039    
   2.71364134E-02   66.4750366    
   2.71730348E-02   66.5844498    
   2.72096563E-02   66.6942596    
   2.72462778E-02   66.8035889    
   2.72828992E-02   66.9126892    
   2.73195207E-02   67.0219116    
   2.73561422E-02   67.1309738    
   2.73927636E-02   67.2397614    
   2.74293851E-02   67.3482971    
   2.74660066E-02   67.4569855    
   2.75026280E-02   67.5653076    
   2.75392495E-02   67.6735077    
   2.75758710E-02   67.7812805    
   2.76124924E-02   67.8892517    
   2.76491139E-02   67.9969330    
   2.76857354E-02   68.1045074    
   2.77223568E-02   68.2119141    
   2.77589783E-02   68.3189545    
   2.77955998E-02   68.4258652    
   2.78322212E-02   68.5327454    
   2.78688427E-02   68.6394196    
   2.79054642E-02   68.7457352    
   2.79420856E-02   68.8520966    
   2.79787071E-02   68.9580307    
   2.80153286E-02   69.0638504    
   2.80519500E-02   69.1695251    
   2.80885715E-02   69.2751007    
   2.81251930E-02   69.3802185    
   2.81618144E-02   69.4853134    
   2.81984359E-02   69.5901489    
   2.82350574E-02   69.6948318    
   2.82716788E-02   69.8023453    
   2.83083003E-02   69.9095612    
   2.83449218E-02   70.0167084    
   2.83815432E-02   70.1235657    
   2.84181647E-02   70.2301483    
   2.84547862E-02   70.3366241    
   2.84914076E-02   70.4428558    
   2.85280291E-02   70.5489578    
   2.85646506E-02   70.6547699    
   2.86012720E-02   70.7604141    
   2.86378935E-02   70.8657150    
   2.86745150E-02   70.9708481    
   2.87111364E-02   71.0758057    
   2.87477579E-02   71.1805420    
   2.87843794E-02   71.2850418    
   2.88210008E-02   71.3893204    
   2.88576223E-02   71.4932861    
   2.88942438E-02   71.5970001    
   2.89308652E-02   71.7006683    
   2.89674867E-02   71.8038177    
   2.90041082E-02   71.9068604    
   2.90407296E-02   72.0098038    
   2.90773511E-02   72.1121063    
   2.91139726E-02   72.2145386    
   2.91505940E-02   72.3164520    
   2.91872155E-02   72.4180908    
   2.92238370E-02   72.5196152    
   2.92604584E-02   72.6209106    
   2.92970799E-02   72.7220001    
   2.93337014E-02   72.8225861    
   2.93703228E-02   72.9228897    
   2.94069443E-02   73.0228882    
   2.94435658E-02   73.1227875    
   2.94801872E-02   73.2221603    
   2.95168087E-02   73.3215179    
   2.95534302E-02   73.4205933    
   2.95900516E-02   73.5192719    
   2.96266731E-02   73.6175232    
   2.96632946E-02   73.7155991    
   2.96999160E-02   73.8136215    
   2.97365375E-02   73.9108505    
   2.97731590E-02   74.0080338    
   2.98097804E-02   74.1049194    
   2.98464019E-02   74.2015228    
   2.98830234E-02   74.2976837    
   2.99196448E-02   74.3937683    
   2.99562663E-02   74.4891205    
   2.99928878E-02   74.5842514    
   3.00295092E-02   74.6793060    
   3.00661307E-02   74.7740021    
   3.01027521E-02   74.8680115    
   3.01393736E-02   74.9623871    
   3.01759951E-02   75.0557022    
   3.02126165E-02   75.1499252    
   3.02492380E-02   75.2468262    
   3.02858595E-02   75.3433533    
   3.03224809E-02   75.4395065    
   3.03591024E-02   75.5355377    
   3.03957239E-02   75.6309204    
   3.04323453E-02   75.7259674    
   3.04689668E-02   75.8208847    
   3.05055883E-02   75.9152527    
   3.05422097E-02   76.0097427    
   3.05788312E-02   76.1034546    
   3.06154527E-02   76.1970062    
   3.06520741E-02   76.2899017    
   3.06886956E-02   76.3825836    
   3.07253171E-02   76.4750061    
   3.07619385E-02   76.5670319    
   3.07985600E-02   76.6589355    
   3.08351815E-02   76.7501450    
   3.08718029E-02   76.8409882    
   3.09084244E-02   76.9314575    
   3.09450459E-02   77.0216980    
   3.09816673E-02   77.1114731    
   3.10182888E-02   77.2009964    
   3.10549103E-02   77.2900925    
   3.10915317E-02   77.3785095    
   3.11281532E-02   77.4667969    
   3.11647747E-02   77.5546417    
   3.12013961E-02   77.6422348    
   3.12380176E-02   77.7293549    
   3.12746391E-02   77.8161469    
   3.13112587E-02   77.9023361    
   3.13478783E-02   77.9882812    
   3.13844979E-02   78.0738983    
   3.14211175E-02   78.1590652    
   3.14577371E-02   78.2436905    
   3.14943567E-02   78.3278351    
   3.15309763E-02   78.4117889    
   3.15675959E-02   78.4953918    
   3.16042155E-02   78.5782013    
   3.16408351E-02   78.6611557    
   3.16774547E-02   78.7432709    
   3.17140743E-02   78.8250122    
   3.17506939E-02   78.9063873    
   3.17873135E-02   78.9875107    
   3.18239331E-02   79.0680313    
   3.18605527E-02   79.1481323    
   3.18971723E-02   79.2279205    
   3.19337919E-02   79.3087463    
   3.19704115E-02   79.3919144    
   3.20070311E-02   79.4748840    
   3.20436507E-02   79.5573044    
   3.20802703E-02   79.6394424    
   3.21168900E-02   79.7208710    
   3.21535096E-02   79.8021088    
   3.21901292E-02   79.8827438    
   3.22267488E-02   79.9629364    
   3.22633684E-02   80.0427551    
   3.22999880E-02   80.1221085    
   3.23366076E-02   80.2009811    
   3.23732272E-02   80.2795944    
   3.24098468E-02   80.3580093    
   3.24464664E-02   80.4353943    
   3.24830860E-02   80.5124817    
   3.25197056E-02   80.5892792    
   3.25563252E-02   80.6656799    
   3.25929448E-02   80.7413101    
   3.26295644E-02   80.8167496    
   3.26661840E-02   80.8916168    
   3.27028036E-02   80.9659882    
   3.27394232E-02   81.0400314    
   3.27760428E-02   81.1138153    
   3.28126624E-02   81.1866684    
   3.28492820E-02   81.2592926    
   3.28859016E-02   81.3313828    
   3.29225212E-02   81.4032211    
   3.29591408E-02   81.4742889    
   3.29957604E-02   81.5451355    
   3.30323800E-02   81.6155930    
   3.30689996E-02   81.6852264    
   3.31056193E-02   81.7545319    
   3.31422389E-02   81.8236084    
   3.31788585E-02   81.8919678    
   3.32154781E-02   81.9598160    
   3.32520977E-02   82.0275803    
   3.32887173E-02   82.0943604    
   3.33253369E-02   82.1610489    
   3.33619565E-02   82.2271729    
   3.33985761E-02   82.2928619    
   3.34351957E-02   82.3578339    
   3.34718153E-02   82.4224091    
   3.35084349E-02   82.4864197    
   3.35450545E-02   82.5507126    
   3.35816741E-02   82.6182785    
   3.36182937E-02   82.6856842    
   3.36549133E-02   82.7522736    
   3.36915329E-02   82.8189850    
   3.37281525E-02   82.8848267    
   3.37647721E-02   82.9505920    
   3.38013917E-02   83.0152130    
   3.38380113E-02   83.0794830    
   3.38746309E-02   83.1438599    
   3.39112505E-02   83.2071533    
   3.39478701E-02   83.2704086    
   3.39844897E-02   83.3326492    
   3.40211093E-02   83.3946152    
   3.40577289E-02   83.4562988    
   3.40943485E-02   83.5174103    
   3.41309682E-02   83.5777893    
   3.41675878E-02   83.6381760    
   3.42042074E-02   83.6977768    
   3.42408270E-02   83.7569580    
   3.42774466E-02   83.8154984    
   3.43140662E-02   83.8737564    
   3.43506858E-02   83.9312897    
   3.43873054E-02   83.9884796    
   3.44239250E-02   84.0453110    
   3.44605446E-02   84.1014633    
   3.44971642E-02   84.1573868    
   3.45337838E-02   84.2124023    
   3.45704034E-02   84.2672272    
   3.46070230E-02   84.3216476    
   3.46436426E-02   84.3752747    
   3.46802622E-02   84.4285812    
   3.47168818E-02   84.4816437    
   3.47535014E-02   84.5337830    
   3.47901210E-02   84.5856705    
   3.48267406E-02   84.6373291    
   3.48633602E-02   84.6880722    
   3.48999798E-02   84.7386246    
   3.49365994E-02   84.7886505    
   3.49732190E-02   84.8381042    
   3.50098386E-02   84.8871078    
   3.50464582E-02   84.9357452    
   3.50830778E-02   84.9836655    
   3.51196975E-02   85.0314331    
   3.51563171E-02   85.0784988    
   3.51929367E-02   85.1258240    
   3.52295563E-02   85.1763077    
   3.52661759E-02   85.2262955    
   3.53027955E-02   85.2760162    
   3.53394151E-02   85.3250046    
   3.53760347E-02   85.3738861    
   3.54126543E-02   85.4219208    
   3.54492739E-02   85.4696579    
   3.54858935E-02   85.5166855    
   3.55225131E-02   85.5632935    
   3.55591327E-02   85.6098099    
   3.55957523E-02   85.6553116    
   3.56323719E-02   85.7004242    
   3.56689915E-02   85.7454224    
   3.57056111E-02   85.7898254    
   3.57422307E-02   85.8337555    
   3.57788503E-02   85.8771362    
   3.58154699E-02   85.9200439    
   3.58520895E-02   85.9625854    
   3.58887091E-02   86.0046234    
   3.59253287E-02   86.0461960    
   3.59619483E-02   86.0870743    
   3.59985679E-02   86.1276627    
   3.60351875E-02   86.1678696    
   3.60718071E-02   86.2073669    
   3.61084267E-02   86.2465668    
   3.61450464E-02   86.2855530    
   3.61816660E-02   86.3238983    
   3.62182856E-02   86.3614578    
   3.62549052E-02   86.3994064    
   3.62915248E-02   86.4360199    
   3.63281444E-02   86.4726028    
   3.63647640E-02   86.5085449    
   3.64013836E-02   86.5444946    
   3.64380032E-02   86.5792694    
   3.64746228E-02   86.6140594    
   3.65112424E-02   86.6485443    
   3.65478620E-02   86.6823044    
   3.65844816E-02   86.7159500    
   3.66211012E-02   86.7487640    
   3.66577208E-02   86.7814789    
   3.66943404E-02   86.8135071    
   3.67309600E-02   86.8450012    
   3.67675796E-02   86.8761978    
   3.68041992E-02   86.9073029    
   3.68408188E-02   86.9376297    
   3.68774384E-02   86.9674683    
   3.69140580E-02   86.9972000    
   3.69506776E-02   87.0264816    
   3.69872972E-02   87.0550690    
   3.70239168E-02   87.0873260    
   3.70605364E-02   87.1190186    
   3.70971560E-02   87.1503677    
   3.71337757E-02   87.1811142    
   3.71703953E-02   87.2115021    
   3.72070149E-02   87.2414551    
   3.72436345E-02   87.2710266    
   3.72802541E-02   87.3003006    
   3.73168737E-02   87.3290558    
   3.73534933E-02   87.3570023    
   3.73901129E-02   87.3852234    
   3.74267325E-02   87.4124756    
   3.74633521E-02   87.4396667    
   3.74999717E-02   87.4659882    
   3.75365913E-02   87.4925995    
   3.75732109E-02   87.5182953    
   3.76098305E-02   87.5439453    
   3.76464501E-02   87.5688782    
   3.76830697E-02   87.5934982    
   3.77196893E-02   87.6178131    
   3.77563089E-02   87.6417313    
   3.77929285E-02   87.6652679    
   3.78295481E-02   87.6884766    
   3.78661677E-02   87.7113342    
   3.79027873E-02   87.7338409    
   3.79394069E-02   87.7555847    
   3.79760265E-02   87.7773209    
   3.80126461E-02   87.7985687    
   3.80492657E-02   87.8192596    
   3.80858853E-02   87.8398285    
   3.81225049E-02   87.8598938    
   3.81591246E-02   87.8795166    
   3.81957442E-02   87.8990631    
   3.82323638E-02   87.9182816    
   3.82689834E-02   87.9368057    
   3.83056030E-02   87.9550400    
   3.83422226E-02   87.9733887    
   3.83788422E-02   87.9906616    
   3.84154618E-02   88.0080032    
   3.84520814E-02   88.0253296    
   3.84887010E-02   88.0415649    
   3.85253206E-02   88.0580368    
   3.85619402E-02   88.0739212    
   3.85985598E-02   88.0892487    
   3.86351794E-02   88.1046600    
   3.86717990E-02   88.1198730    
   3.87084186E-02   88.1343384    
   3.87450382E-02   88.1486511    
   3.87816578E-02   88.1628265    
   3.88182774E-02   88.1764984    
   3.88548970E-02   88.1897888    
   3.88915166E-02   88.2025681    
   3.89281362E-02   88.2156219    
   3.89647558E-02   88.2279739    
   3.90013754E-02   88.2401733    
   3.90379950E-02   88.2521057    
   3.90746146E-02   88.2637482    
   3.91112342E-02   88.2749405    
   3.91478539E-02   88.2857666    
   3.91844735E-02   88.2964859    
   3.92210931E-02   88.3068695    
   3.92577127E-02   88.3174210    
   3.92943323E-02   88.3302307    
   3.93309519E-02   88.3422775    
   3.93675715E-02   88.3537903    
   3.94041911E-02   88.3653641    
   3.94408107E-02   88.3764648    
   3.94774303E-02   88.3873138    
   3.95140499E-02   88.3981781    
   3.95506695E-02   88.4082489    
   3.95872891E-02   88.4184952    
   3.96239087E-02   88.4281845    
   3.96605283E-02   88.4378357    
   3.96971479E-02   88.4467621    
   3.97337675E-02   88.4558334    
   3.97703871E-02   88.4644241    
   3.98070067E-02   88.4729156    
   3.98436263E-02   88.4811249    
   3.98802459E-02   88.4888687    
   3.99168655E-02   88.4966736    
   3.99534851E-02   88.5039062    
   3.99901047E-02   88.5585632    
   4.00267243E-02   88.6536179    
   4.00633439E-02   88.7486496    
   4.00999635E-02   88.8435669    
   4.01365831E-02   88.9386292    
   4.01732028E-02   89.0341339    
   4.02098224E-02   89.1288910    
   4.02464420E-02   89.2238541    
   4.02830616E-02   89.3189087    
   4.03196812E-02   89.4136429    
   4.03563008E-02   89.5084534    
   4.03929204E-02   89.6032639    
   4.04295400E-02   89.6977997    
   4.04661596E-02   89.7923813    
   4.05027792E-02   89.8875122    
   4.05393988E-02   89.9817810    
   4.05760184E-02   90.0762405    
   4.06126380E-02   90.1710281    
   4.06492576E-02   90.2653809    
   4.06858772E-02   90.3593521    
   4.07224968E-02   90.4540329    
   4.07591164E-02   90.5482330    
   4.07957360E-02   90.6420135    
   4.08323556E-02   90.7364349    
   4.08689752E-02   90.8299484    
   4.09055948E-02   90.9240799    
   4.09422144E-02   91.0175858    
   4.09788340E-02   91.1120300    
   4.10154536E-02   91.2051544    
   4.10520732E-02   91.2988434    
   4.10886928E-02   91.3924026    
   4.11253124E-02   91.4857101    
   4.11619321E-02   91.5785599    
   4.11985517E-02   91.6723785    
   4.12351713E-02   91.7654114    
   4.12717909E-02   91.8582916    
   4.13084105E-02   91.9505005    
   4.13450301E-02   92.0435715    
   4.13816497E-02   92.1359634    
   4.14182693E-02   92.2287521    
   4.14548889E-02   92.3213348    
   4.14915085E-02   92.4130859    
   4.15281281E-02   92.5055389    
   4.15647477E-02   92.5969772    
   4.16013673E-02   92.6889725    
   4.16379869E-02   92.7811127    
   4.16746065E-02   92.8723297    
   4.17112261E-02   92.9637222    
   4.17478457E-02   93.0549469    
   4.17844653E-02   93.1459732    
   4.18210849E-02   93.2369614    
   4.18577045E-02   93.3277359    
   4.18943241E-02   93.4189911    
   4.19309437E-02   93.5091400    
   4.19675633E-02   93.5994034    
   4.20041829E-02   93.6894379    
   4.20408025E-02   93.7790604    
   4.20774221E-02   93.8689423    
   4.21140417E-02   93.9584045    
   4.21506613E-02   94.0478287    
   4.21872810E-02   94.1373062    
   4.22239006E-02   94.2258148    
   4.22605202E-02   94.3150101    
   4.22971398E-02   94.4039688    
   4.23337594E-02   94.4923477    
   4.23703790E-02   94.5808411    
   4.24069986E-02   94.6687164    
   4.24436182E-02   94.7564697    
   4.24802378E-02   94.8436737    
   4.25168574E-02   94.9313431    
   4.25534770E-02   95.0189514    
   4.25900966E-02   95.1054077    
   4.26267162E-02   95.1924438    
   4.26633358E-02   95.2793198    
   4.26999554E-02   95.3670807    
   4.27365750E-02   95.4548721    
   4.27731946E-02   95.5425949    
   4.28098142E-02   95.6296844    
   4.28464338E-02   95.7172165    
   4.28830534E-02   95.8036652    
   4.29196730E-02   95.8901215    
   4.29562926E-02   95.9768906    
   4.29929122E-02   96.0630798    
   4.30295318E-02   96.1488113    
   4.30661514E-02   96.2343521    
   4.31027710E-02   96.3203049    
   4.31393906E-02   96.4047852    
   4.31760103E-02   96.4900284    
   4.32126299E-02   96.5751724    
   4.32492495E-02   96.6589813    
   4.32858691E-02   96.7434235    
   4.33224887E-02   96.8275681    
   4.33591083E-02   96.9110718    
   4.33957279E-02   96.9948578    
   4.34323475E-02   97.0776901    
   4.34689671E-02   97.1611176    
   4.35055867E-02   97.2434921    
   4.35422063E-02   97.3255081    
   4.35788259E-02   97.4079819    
   4.36154455E-02   97.4897690    
   4.36520651E-02   97.5709915    
   4.36886847E-02   97.6520691    
   4.37253043E-02   97.7333527    
   4.37619239E-02   97.8137054    
   4.37985435E-02   97.8942642    
   4.38351631E-02   97.9744568    
   4.38717827E-02   98.0539932    
   4.39084023E-02   98.1333542    
   4.39450219E-02   98.2128448    
   4.39816415E-02   98.2915268    
   4.40182611E-02   98.3699570    
   4.40548807E-02   98.4483185    
   4.40915003E-02   98.5258789    
   4.41281199E-02   98.6039352    
   4.41647395E-02   98.6808167    
   4.42013592E-02   98.7581635    
   4.42379788E-02   98.8348694    
   4.42745984E-02   98.9109421    
   4.43112180E-02   98.9868469    
   4.43478376E-02   99.0642700    
   4.43844572E-02   99.1418533    
   4.44210768E-02   99.2192459    
   4.44576964E-02   99.2963257    
   4.44943160E-02   99.3731689    
   4.45309356E-02   99.4494553    
   4.45675552E-02   99.5257034    
   4.46041748E-02   99.6015396    
   4.46407944E-02   99.6762543    
   4.46774140E-02   99.7520981    
   4.47140336E-02   99.8268356    
   4.47506532E-02   99.9012146    
   4.47872728E-02   99.9754257    
   4.48238924E-02   100.048874    
   4.48605120E-02   100.122528    
   4.48971316E-02   100.195244    
   4.49337512E-02   100.267410    
   4.49703708E-02   100.340157    
   4.50069904E-02   100.412323    
   4.50436100E-02   100.483742    
   4.50802296E-02   100.555145    
   4.51168492E-02   100.625740    
   4.51534688E-02   100.695999    
   4.51900885E-02   100.766518    
   4.52267081E-02   100.836220    
   4.52633277E-02   100.905663    
   4.52999473E-02   100.974686    
   4.53365669E-02   101.044029    
   4.53731865E-02   101.112083    
   4.54098061E-02   101.180138    
   4.54464257E-02   101.247032    
   4.54830453E-02   101.315224    
   4.55196649E-02   101.381920    
   4.55562845E-02   101.448166    
   4.55929041E-02   101.514694    
   4.56295237E-02   101.579941    
   4.56661433E-02   101.648232    
   4.57027629E-02   101.715897    
   4.57393825E-02   101.783257    
   4.57760021E-02   101.850220    
   4.58126217E-02   101.917244    
   4.58492413E-02   101.983383    
   4.58858609E-02   102.048767    
   4.59224805E-02   102.114258    
   4.59591001E-02   102.179497    
   4.59957197E-02   102.244362    
   4.60323393E-02   102.308899    
   4.60689589E-02   102.373039    
   4.61055785E-02   102.436470    
   4.61421981E-02   102.499161    
   4.61788177E-02   102.562256    
   4.62154374E-02   102.625114    
   4.62520570E-02   102.686737    
   4.62886766E-02   102.748444    
   4.63252962E-02   102.809494    
   4.63619158E-02   102.870987    
   4.63985354E-02   102.931091    
   4.64351550E-02   102.991158    
   4.64717746E-02   103.050636    
   4.65083942E-02   103.110703    
   4.65450138E-02   103.169495    
   4.65816334E-02   103.228371    
   4.66182530E-02   103.286667    
   4.66548726E-02   103.344124    
   4.66914922E-02   103.401711    
   4.67281118E-02   103.459038    
   4.67647314E-02   103.515724    
   4.68013510E-02   103.571877    
   4.68379706E-02   103.629082    
   4.68745902E-02   103.687035    
   4.69112098E-02   103.745392    
   4.69478294E-02   103.802330    
   4.69844490E-02   103.860245    
   4.70210686E-02   103.916672    
   4.70576882E-02   103.973381    
   4.70943078E-02   104.029060    
   4.71309274E-02   104.085182    
   4.71675470E-02   104.140564    
   4.72041667E-02   104.195198    
   4.72407863E-02   104.249809    
   4.72774059E-02   104.304253    
   4.73140255E-02   104.357574    
   4.73506451E-02   104.411415    
   4.73872647E-02   104.464027    
   4.74238843E-02   104.516830    
   4.74605039E-02   104.569191    
   4.74971235E-02   104.620865    
   4.75337431E-02   104.672531    
   4.75703627E-02   104.723633    
   4.76069823E-02   104.775093    
   4.76436019E-02   104.824905    
   4.76802215E-02   104.874886    
   4.77168411E-02   104.925056    
   4.77534607E-02   104.974213    
   4.77900803E-02   105.023354    
   4.78266999E-02   105.071999    
   4.78633195E-02   105.120369    
   4.78999391E-02   105.168327    
   4.79365587E-02   105.216087    
   4.79731783E-02   105.263290    
   4.80097979E-02   105.310867    
   4.80464175E-02   105.359909    
   4.80830371E-02   105.408669    
   4.81196567E-02   105.457123    
   4.81562763E-02   105.504967    
   4.81928959E-02   105.552521    
   4.82295156E-02   105.600449    
   4.82661352E-02   105.646828    
   4.83027548E-02   105.693878    
   4.83393744E-02   105.739983    
   4.83759940E-02   105.785515    
   4.84126136E-02   105.832024    
   4.84492332E-02   105.876274    
   4.84858528E-02   105.921623    
   4.85224724E-02   105.966469    
   4.85590920E-02   106.011246    
   4.85957116E-02   106.055084    
   4.86323312E-02   106.098701    
   4.86689508E-02   106.141586    
   4.87055704E-02   106.185028    
   4.87421900E-02   106.227226    
   4.87788096E-02   106.269882    
   4.88154292E-02   106.311729    
   4.88520488E-02   106.353691    
   4.88886684E-02   106.394966    
   4.89252880E-02   106.436218    
   4.89619076E-02   106.476990    
   4.89985272E-02   106.517181    
   4.90351468E-02   106.557831    
   4.90717664E-02   106.597649    
   4.91083860E-02   106.637314    
   4.91450056E-02   106.676399    
   4.91816252E-02   106.715347    
   4.92182449E-02   106.754761    
   4.92548645E-02   106.792694    
   4.92914841E-02   106.832619    
   4.93281037E-02   106.872772    
   4.93647233E-02   106.912590    
   4.94013429E-02   106.952011    
   4.94379625E-02   106.991295    
   4.94745821E-02   107.030228    
   4.95112017E-02   107.068855    
   4.95478213E-02   107.107025    
   4.95844409E-02   107.144943    
   4.96210605E-02   107.182602    
   4.96576801E-02   107.220963    
   4.96942997E-02   107.257416    
   4.97309193E-02   107.293976    
   4.97675389E-02   107.331085    
   4.98041585E-02   107.367783    
   4.98407781E-02   107.403809    
   4.98773977E-02   107.439667    
   4.99140173E-02   107.475266    
   4.99506369E-02   107.511162    
   4.99872565E-02   107.546471    
   5.00238761E-02   107.581085    
   5.00604957E-02   107.615807    
   5.00971153E-02   107.650238    
   5.01337349E-02   107.684547    
   5.01703545E-02   107.718102    
   5.02069741E-02   107.752335    
   5.02435938E-02   107.786110    
   5.02802134E-02   107.819534    
   5.03168330E-02   107.852051    
   5.03534526E-02   107.885338    
   5.03900722E-02   107.917801    
   5.04266918E-02   107.950233    
   5.04633114E-02   107.982468    
   5.04999310E-02   108.014748    
   5.05365506E-02   108.046494    
   5.05731702E-02   108.078499    
   5.06097898E-02   108.109566    
   5.06464094E-02   108.140854    
   5.06830290E-02   108.172096    
   5.07196486E-02   108.203194    
   5.07562682E-02   108.233719    
   5.07928878E-02   108.264488    
   5.08295074E-02   108.296623    
   5.08661270E-02   108.328102    
   5.09027466E-02   108.359924    
   5.09393662E-02   108.390381    
   5.09759858E-02   108.421898    
   5.10126054E-02   108.452919    
   5.10492250E-02   108.483551    
   5.10858446E-02   108.514343    
   5.11224642E-02   108.544319    
   5.11590838E-02   108.574921    
   5.11957034E-02   108.604988    
   5.12323231E-02   108.634827    
   5.12689427E-02   108.664909    
   5.13055623E-02   108.694466    
   5.13421819E-02   108.723488    
   5.13788015E-02   108.752838    
   5.14154211E-02   108.782120    
   5.14520407E-02   108.810852    
   5.14886603E-02   108.839714    
   5.15252799E-02   108.868729    
   5.15618995E-02   108.897537    
   5.15985191E-02   108.925537    
   5.16351387E-02   108.954208    
   5.16717583E-02   108.981918    
   5.17083779E-02   109.010231    
   5.17449975E-02   109.038322    
   5.17816171E-02   109.066017    
   5.18182367E-02   109.094215    
   5.18548563E-02   109.121536    
   5.18914759E-02   109.148682    
   5.19280955E-02   109.176414    
   5.19647151E-02   109.203133    
   5.20013347E-02   109.230568    
   5.20379543E-02   109.257874    
   5.20745739E-02   109.284721    
   5.21111935E-02   109.311821    
   5.21478131E-02   109.338562    
   5.21844327E-02   109.365395    
   5.22210523E-02   109.391502    
   5.22576720E-02   109.418762    
   5.22942916E-02   109.444740    
   5.23309112E-02   109.471550    
   5.23675308E-02   109.497917    
   5.24041504E-02   109.523712    
   5.24407700E-02   109.549553    
   5.24773896E-02   109.575790    
   5.25140092E-02   109.601723    
   5.25506288E-02   109.627831    
   5.25872484E-02   109.653847    
   5.26238680E-02   109.679886    
   5.26604876E-02   109.705856    
   5.26971072E-02   109.731232    
   5.27337268E-02   109.756943    
   5.27703464E-02   109.782043    
   5.28069660E-02   109.807808    
   5.28435856E-02   109.833839    
   5.28802052E-02   109.859001    
   5.29168248E-02   109.884636    
   5.29534444E-02   109.909920    
   5.29900640E-02   109.935081    
   5.30266836E-02   109.960487    
   5.30633032E-02   109.985748    
   5.30999228E-02   110.010788    
   5.31365424E-02   110.036194    
   5.31731620E-02   110.061752    
   5.32097816E-02   110.086548    
   5.32464013E-02   110.111382    
   5.32830209E-02   110.136948    
   5.33196405E-02   110.162010    
   5.33562601E-02   110.186996    
   5.33928797E-02   110.212120    
   5.34294993E-02   110.236870    
   5.34661189E-02   110.262405    
   5.35027385E-02   110.287407    
   5.35393581E-02   110.312393    
   5.35759777E-02   110.337433    
   5.36125973E-02   110.362518    
   5.36492169E-02   110.387123    
   5.36858365E-02   110.412323    
   5.37224561E-02   110.437126    
   5.37590757E-02   110.462296    
   5.37956953E-02   110.486931    
   5.38323149E-02   110.512146    
   5.38689345E-02   110.536659    
   5.39055541E-02   110.562271    
   5.39421737E-02   110.587234    
   5.39787933E-02   110.612411    
   5.40154129E-02   110.637924    
   5.40520325E-02   110.662788    
   5.40886521E-02   110.687477    
   5.41252717E-02   110.712708    
   5.41618913E-02   110.737648    
   5.41985109E-02   110.763237    
   5.42351305E-02   110.787910    
   5.42717502E-02   110.813576    
   5.43083698E-02   110.838867    
   5.43449894E-02   110.863777    
   5.43816090E-02   110.888702    
   5.44182286E-02   110.914230    
   5.44548482E-02   110.939316    
   5.44914678E-02   110.964180    
   5.45280874E-02   110.989891    
   5.45647070E-02   111.015358    
   5.46013266E-02   111.040665    
   5.46379462E-02   111.066368    
   5.46745658E-02   111.091972    
   5.47111854E-02   111.117210    
   5.47478050E-02   111.142792    
   5.47844246E-02   111.168488    
   5.48210442E-02   111.193718    
   5.48576638E-02   111.219643    
   5.48942834E-02   111.245285    
   5.49309030E-02   111.271133    
   5.49675226E-02   111.296394    
   5.50041422E-02   111.322990    
   5.50407618E-02   111.348450    
   5.50773814E-02   111.374168    
   5.51140010E-02   111.400063    
   5.51506206E-02   111.426170    
   5.51872402E-02   111.452179    
   5.52238598E-02   111.477814    
   5.52604795E-02   111.504303    
   5.52970991E-02   111.530563    
   5.53337187E-02   111.556091    
   5.53703383E-02   111.582809    
   5.54069579E-02   111.609383    
   5.54435775E-02   111.635788    
   5.54801971E-02   111.661972    
   5.55168167E-02   111.688622    
   5.55534363E-02   111.715042    
   5.55900559E-02   111.741409    
   5.56266755E-02   111.768311    
   5.56632951E-02   111.794930    
   5.56999147E-02   111.821609    
   5.57365343E-02   111.848183    
   5.57731539E-02   111.875061    
   5.58097735E-02   111.902199    
   5.58463931E-02   111.928940    
   5.58830127E-02   111.956314    
   5.59196323E-02   111.983170    
   5.59562519E-02   112.009850    
   5.59928715E-02   112.037041    
   5.60294911E-02   112.064613    
   5.60661107E-02   112.091560    
   5.61027303E-02   112.118950    
   5.61393499E-02   112.146133    
   5.61759695E-02   112.173592    
   5.62125891E-02   112.201447    
   5.62492087E-02   112.228912    
   5.62858284E-02   112.256340    
   5.63224480E-02   112.284111    
   5.63590676E-02   112.311760    
   5.63956872E-02   112.339668    
   5.64323068E-02   112.367752    
   5.64689264E-02   112.395546    
   5.65055460E-02   112.423325    
   5.65421656E-02   112.451698    
   5.65787852E-02   112.479477    
   5.66154048E-02   112.507469    
   5.66520244E-02   112.536102    
   5.66886440E-02   112.564262    
   5.67252636E-02   112.592918    
   5.67618832E-02   112.620781    
   5.67985028E-02   112.649498    
   5.68351224E-02   112.677811    
   5.68717420E-02   112.706520    
   5.69083616E-02   112.735321    
   5.69449812E-02   112.764000    
   5.69816008E-02   112.792770    
   5.70182204E-02   112.821754    
   5.70548400E-02   112.850883    
   5.70914596E-02   112.879852    
   5.71280792E-02   112.909088    
   5.71646988E-02   112.938057    
   5.72013184E-02   112.967361    
   5.72379380E-02   112.996681    
   5.72745577E-02   113.025757    
   5.73111773E-02   113.054840    
   5.73477969E-02   113.084663    
   5.73844165E-02   113.113998    
   5.74210361E-02   113.144066    
   5.74576557E-02   113.172768    
   5.74942753E-02   113.203178    
   5.75308949E-02   113.232895    
   5.75675145E-02   113.262886    
   5.76041341E-02   113.292786    
   5.76407537E-02   113.322655    
   5.76773733E-02   113.352394    
   5.77139929E-02   113.382996    
   5.77506125E-02   113.412979    
   5.77872321E-02   113.443016    
   5.78238517E-02   113.473381    
   5.78604713E-02   113.503670    
   5.78970909E-02   113.533806    
   5.79337105E-02   113.564682    
   5.79703301E-02   113.595245    
   5.80069497E-02   113.625977    
   5.80435693E-02   113.656654    
   5.80801889E-02   113.687263    
   5.81168085E-02   113.718338    
   5.81534281E-02   113.749123    
   5.81900477E-02   113.780205    
   5.82266673E-02   113.811272    
   5.82632869E-02   113.841675    
   5.82999066E-02   113.873230    
   5.83365262E-02   113.905159    
   5.83731458E-02   113.935776    
   5.84097654E-02   113.967751    
   5.84463850E-02   113.998596    
   5.84830046E-02   114.030350    
   5.85196242E-02   114.061226    
   5.85562438E-02   114.093735    
   5.85928634E-02   114.125290    
   5.86294830E-02   114.157486    
   5.86661026E-02   114.188805    
   5.87027222E-02   114.220535    
   5.87393418E-02   114.252594    
   5.87759614E-02   114.284958    
   5.88125810E-02   114.317230    
   5.88492006E-02   114.349228    
   5.88858202E-02   114.381691    
   5.89224398E-02   114.414505    
   5.89590594E-02   114.446411    
   5.89956790E-02   114.478462    
   5.90322986E-02   114.511513    
   5.90689182E-02   114.544014    
   5.91055378E-02   114.576569    
   5.91421574E-02   114.609474    
   5.91787770E-02   114.642143    
   5.92153966E-02   114.675186    
   5.92520162E-02   114.708023    
   5.92886358E-02   114.741333    
   5.93252555E-02   114.774597    
   5.93618751E-02   114.808159    
   5.93984947E-02   114.840736    
   5.94351143E-02   114.874214    
   5.94717339E-02   114.907341    
   5.95083535E-02   114.942177    
   5.95449731E-02   114.974678    
   5.95815927E-02   115.008484    
   5.96182123E-02   115.042610    
   5.96548319E-02   115.076263    
   5.96914515E-02   115.109985    
   5.97280711E-02   115.143669    
   5.97646907E-02   115.178337    
   5.98013103E-02   115.212532    
   5.98379299E-02   115.246292    
   5.98745495E-02   115.281166    
   5.99111691E-02   115.315460    
   5.99477887E-02   115.349854    
   5.99844083E-02   115.384285    
   6.00210279E-02   115.418854    
   6.00576475E-02   115.453293    
   6.00942671E-02   115.487946    
   6.01308867E-02   115.523605    
   6.01675063E-02   115.557991    
   6.02041259E-02   115.592964    
   6.02407455E-02   115.628502    
   6.02773651E-02   115.663368    
   6.03139848E-02   115.698914    
   6.03506044E-02   115.734077    
   6.03872240E-02   115.770103    
   6.04238436E-02   115.805344    
   6.04604632E-02   115.840698    
   6.04970828E-02   115.877380    
   6.05337024E-02   115.913994    
   6.05703220E-02   115.950317    
   6.06069416E-02   115.987106    
   6.06435612E-02   116.023705    
   6.06801808E-02   116.060928    
   6.07168004E-02   116.098160    
   6.07534200E-02   116.134911    
   6.07900396E-02   116.172333    
   6.08266592E-02   116.209526    
   6.08632788E-02   116.247002    
   6.08998984E-02   116.284645    
   6.09365180E-02   116.321976    
   6.09731376E-02   116.360107    
   6.10097572E-02   116.397812    
   6.10463768E-02   116.436028    
   6.10829964E-02   116.473732    
   6.11196160E-02   116.511955    
   6.11562356E-02   116.550079    
   6.11928552E-02   116.588928    
   6.12294748E-02   116.627136    
   6.12660944E-02   116.666168    
   6.13027140E-02   116.704781    
   6.13393337E-02   116.743362    
   6.13759533E-02   116.783264    
   6.14125729E-02   116.821709    
   6.14491925E-02   116.861115    
   6.14858121E-02   116.900444    
   6.15224317E-02   116.939468    
   6.15590513E-02   116.979698    
   6.15956709E-02   117.019264    
   6.16322905E-02   117.059364    
   6.16689101E-02   117.099236    
   6.17055297E-02   117.139244    
   6.17421493E-02   117.180046    
   6.17787689E-02   117.220184    
   6.18153885E-02   117.260086    
   6.18520081E-02   117.301186    
   6.18886277E-02   117.342308    
   6.19252473E-02   117.383278    
   6.19618669E-02   117.424614    
   6.19984865E-02   117.465843    
   6.20351061E-02   117.507233    
   6.20717257E-02   117.548035    
   6.21083453E-02   117.590355    
   6.21449649E-02   117.632202    
   6.21815845E-02   117.674049    
   6.22182041E-02   117.715889    
   6.22548237E-02   117.759148    
   6.22914433E-02   117.800781    
   6.23280630E-02   117.843758    
   6.23646826E-02   117.886353    
   6.24013022E-02   117.929115    
   6.24379218E-02   117.972176    
   6.24745414E-02   118.015907    
   6.25111610E-02   118.058861    
   6.25477806E-02   118.102425    
   6.25844002E-02   118.145782    
   6.26210198E-02   118.189919    
   6.26576394E-02   118.234077    
   6.26942590E-02   118.278259    
   6.27308786E-02   118.322403    
   6.27674982E-02   118.367073    
   6.28041178E-02   118.411514    
   6.28407374E-02   118.456161    
   6.28773570E-02   118.501999    
   6.29139766E-02   118.546822    
   6.29505962E-02   118.592430    
   6.29872158E-02   118.637955    
   6.30238354E-02   118.683395    
   6.30604550E-02   118.729660    
   6.30970746E-02   118.775970    
   6.31336942E-02   118.822205    
   6.31703138E-02   118.868561    
   6.32069334E-02   118.914856    
   6.32435530E-02   118.961807    
   6.32801726E-02   119.008934    
   6.33167922E-02   119.055695    
   6.33534119E-02   119.103653    
   6.33900315E-02   119.151016    
   6.34266511E-02   119.198769    
   6.34632707E-02   119.246559    
   6.34998903E-02   119.295097    
   6.35365099E-02   119.343361    
   6.35731295E-02   119.392052    
   6.36097491E-02   119.440430    
   6.36463687E-02   119.489632    
   6.36829883E-02   119.538795    
   6.37196079E-02   119.587860    
   6.37562275E-02   119.637436    
   6.37928471E-02   119.687172    
   6.38294667E-02   119.737221    
   6.38660863E-02   119.787735    
   6.39027059E-02   119.838501    
   6.39393255E-02   119.890083    
   6.39759451E-02   119.941254    
   6.40125647E-02   119.992867    
   6.40491843E-02   120.045036    
   6.40858039E-02   120.096855    
   6.41224235E-02   120.149384    
   6.41590431E-02   120.201950    
   6.41956627E-02   120.254486    
   6.42322823E-02   120.307251    
   6.42689019E-02   120.360542    
   6.43055215E-02   120.413330    
   6.43421412E-02   120.466972    
   6.43787608E-02   120.521011    
   6.44153804E-02   120.574257    
   6.44520000E-02   120.628929    
   6.44886196E-02   120.683273    
   6.45252392E-02   120.737473    
   6.45618588E-02   120.792145    
   6.45984784E-02   120.846832    
   6.46350980E-02   120.901962    
   6.46717176E-02   120.957634    
   6.47083372E-02   121.013000    
   6.47449568E-02   121.068909    
   6.47815764E-02   121.124321    
   6.48181960E-02   121.180901    
   6.48548156E-02   121.236916    
   6.48914352E-02   121.293724    
   6.49280548E-02   121.349945    
   6.49646744E-02   121.406631    
   6.50012940E-02   121.463615    
   6.50379136E-02   121.520988    
   6.50745332E-02   121.578407    
   6.51111528E-02   121.636292    
   6.51477724E-02   121.694122    
   6.51843920E-02   121.751991    
   6.52210116E-02   121.809731    
   6.52576312E-02   121.868439    
   6.52942508E-02   121.926613    
   6.53308704E-02   121.985725    
   6.53674901E-02   122.044609    
   6.54041097E-02   122.103737    
   6.54407293E-02   122.163048    
   6.54773489E-02   122.222549    
   6.55139685E-02   122.281746    
   6.55505881E-02   122.341469    
   6.55872077E-02   122.402298    
   6.56238273E-02   122.461876    
   6.56604469E-02   122.521858    
   6.56970665E-02   122.582367    
   6.57336861E-02   122.643242    
   6.57703057E-02   122.704247    
   6.58069253E-02   122.764366    
   6.58435449E-02   122.825691    
   6.58801645E-02   122.886696    
   6.59167841E-02   122.948898    
   6.59534037E-02   123.010155    
   6.59900233E-02   123.071716    
   6.60266429E-02   123.133789    
   6.60632625E-02   123.195755    
   6.60998821E-02   123.257706    
   6.61365017E-02   123.319954    
   6.61731213E-02   123.382568    
   6.62097409E-02   123.445190    
   6.62463605E-02   123.508255    
   6.62829801E-02   123.570526    
   6.63195997E-02   123.633270    
   6.63562194E-02   123.696373    
   6.63928390E-02   123.759193    
   6.64294586E-02   123.822868    
   6.64660782E-02   123.886353    
   6.65026978E-02   123.949371    
   6.65393174E-02   124.013260    
   6.65759370E-02   124.077019    
   6.66125566E-02   124.140640    
   6.66491762E-02   124.204422    
   6.66857958E-02   124.268661    
   6.67224154E-02   124.332497    
   6.67590350E-02   124.396996    
   6.67956546E-02   124.460701    
   6.68322742E-02   124.524948    
   6.68688938E-02   124.589836    
   6.69055134E-02   124.654053    
   6.69421330E-02   124.718437    
   6.69787526E-02   124.783119    
   6.70153722E-02   124.848373    
   6.70519918E-02   124.912315    
   6.70886114E-02   124.977417    
   6.71252310E-02   125.042130    
   6.71618506E-02   125.106842    
   6.71984702E-02   125.172134    
   6.72350898E-02   125.236481    
   6.72717094E-02   125.301735    
   6.73083290E-02   125.366714    
   6.73449486E-02   125.431671    
   6.73815683E-02   125.496681    
   6.74181879E-02   125.561966    
   6.74548075E-02   125.626854    
   6.74914271E-02   125.691956    
   6.75280467E-02   125.757172    
   6.75646663E-02   125.821976    
   6.76012859E-02   125.886703    
   6.76379055E-02   125.952133    
   6.76745251E-02   126.016983    
   6.77111447E-02   126.082214    
   6.77477643E-02   126.147331    
   6.77843839E-02   126.212166    
   6.78210035E-02   126.276909    
   6.78576231E-02   126.342133    
   6.78942427E-02   126.406624    
   6.79308623E-02   126.471161    
   6.79674819E-02   126.536369    
   6.80041015E-02   126.601303    
   6.80407211E-02   126.665207    
   6.80773407E-02   126.730278    
   6.81139603E-02   126.794937    
   6.81505799E-02   126.859482    
   6.81871995E-02   126.923576    
   6.82238191E-02   126.988533    
   6.82604387E-02   127.052223    
   6.82970583E-02   127.116264    
   6.83336779E-02   127.181068    
   6.83702976E-02   127.244629    
   6.84069172E-02   127.308693    
   6.84435368E-02   127.371918    
   6.84801564E-02   127.436012    
   6.85167760E-02   127.499138    
   6.85533956E-02   127.562897    
   6.85900152E-02   127.626419    
   6.86266348E-02   127.689178    
   6.86632544E-02   127.752632    
   6.86998740E-02   127.815239    
   6.87364936E-02   127.878128    
   6.87731132E-02   127.941109    
   6.88097328E-02   128.003494    
   6.88463524E-02   128.067429    
   6.88829720E-02   128.130356    
   6.89195916E-02   128.193939    
   6.89562112E-02   128.256958    
   6.89928308E-02   128.319290    
   6.90294504E-02   128.382584    
   6.90660700E-02   128.444870    
   6.91026896E-02   128.507401    
   6.91393092E-02   128.569946    
   6.91759288E-02   128.632355    
   6.92125484E-02   128.694229    
   6.92491680E-02   128.755768    
   6.92857876E-02   128.817184    
   6.93224072E-02   128.878937    
   6.93590268E-02   128.939789    
   6.93956465E-02   129.000824    
   6.94322661E-02   129.061478    
   6.94688857E-02   129.122330    
   6.95055053E-02   129.183472    
   6.95421249E-02   129.243469    
   6.95787445E-02   129.303329    
   6.96153641E-02   129.362823    
   6.96519837E-02   129.422760    
   6.96886033E-02   129.482208    
   6.97252229E-02   129.541229    
   6.97618425E-02   129.600021    
   6.97984621E-02   129.659058    
   6.98350817E-02   129.717468    
   6.98717013E-02   129.776321    
   6.99083209E-02   129.833755    
   6.99449405E-02   129.891708    
   6.99815601E-02   129.949677    
   7.00181797E-02   130.006790    
   7.00547993E-02   130.064056    
   7.00914189E-02   130.120407    
   7.01280385E-02   130.177185    
   7.01646581E-02   130.233963    
   7.02012777E-02   130.290054    
   7.02378973E-02   130.345795    
   7.02745169E-02   130.401535    
   7.03111365E-02   130.457062    
   7.03477561E-02   130.512146    
   7.03843758E-02   130.566437    
   7.04209954E-02   130.621704    
   7.04576150E-02   130.676086    
   7.04942346E-02   130.730026    
   7.05308542E-02   130.784012    
   7.05674738E-02   130.837540    
   7.06040934E-02   130.890594    
   7.06407130E-02   130.944153    
   7.06773326E-02   130.996872    
   7.07139522E-02   131.049057    
   7.07505718E-02   131.101379    
   7.07871914E-02   131.153763    
   7.08238110E-02   131.205170    
   7.08604306E-02   131.256897    
   7.08970502E-02   131.308151    
   7.09336698E-02   131.359543    
   7.09702894E-02   131.410034    
   7.10069090E-02   131.460434    
   7.10435286E-02   131.510269    
   7.10801482E-02   131.560028    
   7.11167678E-02   131.609756    
   7.11533874E-02   131.659744    
   7.11900070E-02   131.709518    
   7.12266266E-02   131.759674    
   7.12632462E-02   131.809662    
   7.12998658E-02   131.859329    
   7.13364854E-02   131.908813    
   7.13731050E-02   131.957901    
   7.14097247E-02   132.006577    
   7.14463443E-02   132.055145    
   7.14829639E-02   132.103943    
   7.15195835E-02   132.151169    
   7.15562031E-02   132.198822    
   7.15928227E-02   132.245850    
   7.16294423E-02   132.293320    
   7.16660619E-02   132.340530    
   7.17026815E-02   132.386597    
   7.17393011E-02   132.433029    
   7.17759207E-02   132.478943    
   7.18125403E-02   132.525208    
   7.18491599E-02   132.570068    
   7.18857795E-02   132.616119    
   7.19223991E-02   132.660767    
   7.19590187E-02   132.705475    
   7.19956383E-02   132.750000    
   7.20322579E-02   132.794006    
   7.20688775E-02   132.837967    
   7.21054971E-02   132.881989    
   7.21421167E-02   132.925415    
   7.21787363E-02   132.968399    
   7.22153559E-02   133.011383    
   7.22519755E-02   133.054230    
   7.22885951E-02   133.096710    
   7.23252147E-02   133.138763    
   7.23618343E-02   133.181000    
   7.23984540E-02   133.222382    
   7.24350736E-02   133.264618    
   7.24716932E-02   133.305099    
   7.25083128E-02   133.347061    
   7.25449324E-02   133.387512    
   7.25815520E-02   133.428116    
   7.26181716E-02   133.468414    
   7.26547912E-02   133.508896    
   7.26914108E-02   133.548431    
   7.27280304E-02   133.588272    
   7.27646500E-02   133.627747    
   7.28012696E-02   133.667282    
   7.28378892E-02   133.705978    
   7.28745088E-02   133.745010    
   7.29111284E-02   133.784714    
   7.29477480E-02   133.822342    
   7.29843676E-02   133.860641    
   7.30209872E-02   133.898132    
   7.30576068E-02   133.936356    
   7.30942264E-02   133.973831    
   7.31308460E-02   134.012192    
   7.31674656E-02   134.049088    
   7.32040852E-02   134.086853    
   7.32407048E-02   134.123245    
   7.32773244E-02   134.159515    
   7.33139440E-02   134.196777    
   7.33505636E-02   134.233109    
   7.33871832E-02   134.269531    
   7.34238029E-02   134.305725    
   7.34604225E-02   134.341293    
   7.34970421E-02   134.377426    
   7.35336617E-02   134.412537    
   7.35702813E-02   134.448318    
   7.36069009E-02   134.483658    
   7.36435205E-02   134.518600    
   7.36801401E-02   134.553635    
   7.37167597E-02   134.589172    
   7.37533793E-02   134.623047    
   7.37899989E-02   134.657806    
   7.38266185E-02   134.692139    
   7.38632381E-02   134.726501    
   7.38998577E-02   134.760513    
   7.39364773E-02   134.794601    
   7.39730969E-02   134.829147    
   7.40097165E-02   134.862778    
   7.40463361E-02   134.896194    
   7.40829557E-02   134.929382    
   7.41195753E-02   134.962601    
   7.41561949E-02   134.996216    
   7.41928145E-02   135.029800    
   7.42294341E-02   135.062439    
   7.42660537E-02   135.095490    
   7.43026733E-02   135.128265    
   7.43392929E-02   135.161331    
   7.43759125E-02   135.193909    
   7.44125322E-02   135.226379    
   7.44491518E-02   135.258865    
   7.44857714E-02   135.291702    
   7.45223910E-02   135.323532    
   7.45590106E-02   135.355469    
   7.45956302E-02   135.388412    
   7.46322498E-02   135.419983    
   7.46688694E-02   135.452057    
   7.47054890E-02   135.483917    
   7.47421086E-02   135.515381    
   7.47787282E-02   135.547226    
   7.48153478E-02   135.578781    
   7.48519674E-02   135.610428    
   7.48885870E-02   135.641876    
   7.49252066E-02   135.673279    
   7.49618262E-02   135.704498    
   7.49984458E-02   135.736496    
   7.50350654E-02   135.767532    
   7.50716850E-02   135.798584    
   7.51083046E-02   135.829010    
   7.51449242E-02   135.860809    
   7.51815438E-02   135.891861    
   7.52181634E-02   135.923050    
   7.52547830E-02   135.953064    
   7.52914026E-02   135.984680    
   7.53280222E-02   136.014832    
   7.53646418E-02   136.045929    
   7.54012614E-02   136.076614    
   7.54378811E-02   136.107468    
   7.54745007E-02   136.137817    
   7.55111203E-02   136.168915    
   7.55477399E-02   136.199341    
   7.55843595E-02   136.229767    
   7.56209791E-02   136.260223    
   7.56575987E-02   136.290970    
   7.56942183E-02   136.321747    
   7.57308379E-02   136.352036    
   7.57674575E-02   136.381882    
   7.58040771E-02   136.412262    
   7.58406967E-02   136.442734    
   7.58773163E-02   136.472870    
   7.59139359E-02   136.503174    
   7.59505555E-02   136.533310    
   7.59871751E-02   136.563614    
   7.60237947E-02   136.593842    
   7.60604143E-02   136.624405    
   7.60970339E-02   136.654190    
   7.61336535E-02   136.684616    
   7.61702731E-02   136.714539    
   7.62068927E-02   136.744781    
   7.62435123E-02   136.775101    
   7.62801319E-02   136.805206    
   7.63167515E-02   136.835083    
   7.63533711E-02   136.865387    
   7.63899907E-02   136.895523    
   7.64266104E-02   136.925217    
   7.64632300E-02   136.955643    
   7.64998496E-02   136.985703    
   7.65364692E-02   137.015869    
   7.65730888E-02   137.045853    
   7.66097084E-02   137.075897    
   7.66463280E-02   137.105942    
   7.66829476E-02   137.136185    
   7.67195672E-02   137.165802    
   7.67561868E-02   137.196503    
   7.67928064E-02   137.226456    
   7.68294260E-02   137.256302    
   7.68660456E-02   137.286469    
   7.69026652E-02   137.316254    
   7.69392848E-02   137.345886    
   7.69759044E-02   137.376633    
   7.70125240E-02   137.406540    
   7.70491436E-02   137.436676    
   7.70857632E-02   137.466187    
   7.71223828E-02   137.496628    
   7.71590024E-02   137.526993    
   7.71956220E-02   137.556808    
   7.72322416E-02   137.586914    
   7.72688612E-02   137.617569    
   7.73054808E-02   137.647430    
   7.73421004E-02   137.677170    
   7.73787200E-02   137.707550    
   7.74153396E-02   137.737289    
   7.74519593E-02   137.767944    
   7.74885789E-02   137.798187    
   7.75251985E-02   137.828262    
   7.75618181E-02   137.858429    
   7.75984377E-02   137.888214    
   7.76350573E-02   137.918381    
   7.76716769E-02   137.949295    
   7.77082965E-02   137.979034    
   7.77449161E-02   138.009644    
   7.77815357E-02   138.039932    
   7.78181553E-02   138.069855    
   7.78547749E-02   138.100922    
   7.78913945E-02   138.130829    
   7.79280141E-02   138.160614    
   7.79646337E-02   138.191223    
   7.80012533E-02   138.221222    
   7.80378729E-02   138.252106    
   7.80744925E-02   138.282852    
   7.81111121E-02   138.313583    
   7.81477317E-02   138.344940    
   7.81843513E-02   138.376251    
   7.82209709E-02   138.406677    
   7.82575905E-02   138.437958    
   7.82942101E-02   138.468933    
   7.83308297E-02   138.500320    
   7.83674493E-02   138.531342    
   7.84040689E-02   138.562561    
   7.84406886E-02   138.593246    
   7.84773082E-02   138.625092    
   7.85139278E-02   138.655640    
   7.85505474E-02   138.687042    
   7.85871670E-02   138.718399    
   7.86237866E-02   138.749374    
   7.86604062E-02   138.780472    
   7.86970258E-02   138.812347    
   7.87336454E-02   138.843323    
   7.87702650E-02   138.875061    
   7.88068846E-02   138.906204    
   7.88435042E-02   138.937088    
   7.88801238E-02   138.968353    
   7.89167434E-02   138.999680    
   7.89533630E-02   139.031158    
   7.89899826E-02   139.062164    
   7.90266022E-02   139.093994    
   7.90632218E-02   139.124893    
   7.90998414E-02   139.157028    
   7.91364610E-02   139.188171    
   7.91730806E-02   139.218979    
   7.92097002E-02   139.250641    
   7.92463198E-02   139.281647    
   7.92829394E-02   139.313766    
   7.93195590E-02   139.345398    
   7.93561786E-02   139.376587    
   7.93927982E-02   139.408646    
   7.94294178E-02   139.439545    
   7.94660375E-02   139.471664    
   7.95026571E-02   139.502670    
   7.95392767E-02   139.534378    
   7.95758963E-02   139.565796    
   7.96125159E-02   139.597549    
   7.96491355E-02   139.629272    
   7.96857551E-02   139.660736    
   7.97223747E-02   139.692764    
   7.97589943E-02   139.724136    
   7.97956139E-02   139.755508    
   7.98322335E-02   139.787292    
   7.98688531E-02   139.819656    
   7.99054727E-02   139.850388    
   7.99420923E-02   139.882492    
   7.99787119E-02   139.914124    
   8.00153315E-02   139.946030    
   8.00519511E-02   139.978058    
   8.00885707E-02   140.009857    
   8.01251903E-02   140.041199    
   8.01618099E-02   140.073029    
   8.01984295E-02   140.105270    
   8.02350491E-02   140.136795    
   8.02716687E-02   140.169342    
   8.03082883E-02   140.200546    
   8.03449079E-02   140.232635    
   8.03815275E-02   140.264694    
   8.04181471E-02   140.296310    
   8.04547668E-02   140.329025    
   8.04913864E-02   140.361008    
   8.05280060E-02   140.392426    
   8.05646256E-02   140.424637    
   8.06012452E-02   140.457092    
   8.06378648E-02   140.488922    
   8.06744844E-02   140.520798    
   8.07111040E-02   140.553360    
   8.07477236E-02   140.585358    
   8.07843432E-02   140.617859    
   8.08209628E-02   140.650253    
   8.08575824E-02   140.682388    
   8.08942020E-02   140.714752    
   8.09308216E-02   140.747528    
   8.09674412E-02   140.779282    
   8.10040608E-02   140.811539    
   8.10406804E-02   140.843628    
   8.10773000E-02   140.876587    
   8.11139196E-02   140.908859    
   8.11505392E-02   140.941452    
   8.11871588E-02   140.973892    
   8.12237784E-02   141.006287    
   8.12603980E-02   141.039246    
   8.12970176E-02   141.071457    
   8.13336372E-02   141.104233    
   8.13702568E-02   141.136841    
   8.14068764E-02   141.169327    
   8.14434960E-02   141.202713    
   8.14801157E-02   141.235458    
   8.15167353E-02   141.267792    
   8.15533549E-02   141.301361    
   8.15899745E-02   141.333847    
   8.16265941E-02   141.367081    
   8.16632137E-02   141.399887    
   8.16998333E-02   141.433014    
   8.17364529E-02   141.466370    
   8.17730725E-02   141.498886    
   8.18096921E-02   141.532181    
   8.18463117E-02   141.565750    
   8.18829313E-02   141.598831    
   8.19195509E-02   141.632034    
   8.19561705E-02   141.666153    
   8.19927901E-02   141.698929    
   8.20294097E-02   141.732361    
   8.20660293E-02   141.765732    
   8.21026489E-02   141.799545    
   8.21392685E-02   141.833313    
   8.21758881E-02   141.866531    
   8.22125077E-02   141.901138    
   8.22491273E-02   141.934280    
   8.22857469E-02   141.968796    
   8.23223665E-02   142.002289    
   8.23589861E-02   142.036469    
   8.23956057E-02   142.070847    
   8.24322253E-02   142.104568    
   8.24688450E-02   142.138351    
   8.25054646E-02   142.172516    
   8.25420842E-02   142.207382    
   8.25787038E-02   142.241150    
   8.26153234E-02   142.275787    
   8.26519430E-02   142.310181    
   8.26885626E-02   142.344421    
   8.27251822E-02   142.379623    
   8.27618018E-02   142.414566    
   8.27984214E-02   142.449692    
   8.28350410E-02   142.483856    
   8.28716606E-02   142.518555    
   8.29082802E-02   142.553101    
   8.29448998E-02   142.588806    
   8.29815194E-02   142.623627    
   8.30181390E-02   142.659042    
   8.30547586E-02   142.694565    
   8.30913782E-02   142.730057    
   8.31279978E-02   142.765961    
   8.31646174E-02   142.801819    
   8.32012370E-02   142.837799    
   8.32378566E-02   142.873917    
   8.32744762E-02   142.909973    
   8.33110958E-02   142.946533    
   8.33477154E-02   142.982544    
   8.33843350E-02   143.018906    
   8.34209546E-02   143.055069    
   8.34575742E-02   143.091949    
   8.34941939E-02   143.128510    
   8.35308135E-02   143.165802    
   8.35674331E-02   143.201859    
   8.36040527E-02   143.239059    
   8.36406723E-02   143.276123    
   8.36772919E-02   143.313354    
   8.37139115E-02   143.350204    
   8.37505311E-02   143.387756    
   8.37871507E-02   143.424988    
   8.38237703E-02   143.462082    
   8.38603899E-02   143.499481    
   8.38970095E-02   143.537445    
   8.39336291E-02   143.574783    
   8.39702487E-02   143.612167    
   8.40068683E-02   143.650436    
   8.40434879E-02   143.688812    
   8.40801075E-02   143.726547    
   8.41167271E-02   143.764740    
   8.41533467E-02   143.803055    
   8.41899663E-02   143.840958    
   8.42265859E-02   143.879105    
   8.42632055E-02   143.918411    
   8.42998251E-02   143.956711    
   8.43364447E-02   143.994751    
   8.43730643E-02   144.034042    
   8.44096839E-02   144.072708    
   8.44463035E-02   144.111343    
   8.44829232E-02   144.149963    
   8.45195428E-02   144.189224    
   8.45561624E-02   144.228851    
   8.45927820E-02   144.268066    
   8.46294016E-02   144.307220    
   8.46660212E-02   144.347061    
   8.47026408E-02   144.386124    
   8.47392604E-02   144.426178    
   8.47758800E-02   144.465317    
   8.48124996E-02   144.504974    
   8.48491192E-02   144.545273    
   8.48857388E-02   144.584915    
   8.49223584E-02   144.625031    
   8.49589780E-02   144.665390    
   8.49955976E-02   144.705246    
   8.50322172E-02   144.745728    
   8.50688368E-02   144.786499    
   8.51054564E-02   144.826920    
   8.51420760E-02   144.867050    
   8.51786956E-02   144.907913    
   8.52153152E-02   144.948196    
   8.52519348E-02   144.989044    
   8.52885544E-02   145.029190    
   8.53251740E-02   145.070419    
   8.53617936E-02   145.111450    
   8.53984132E-02   145.152573    
   8.54350328E-02   145.193741    
   8.54716524E-02   145.234970    
   8.55082721E-02   145.276031    
   8.55448917E-02   145.317490    
   8.55815113E-02   145.358597    
   8.56181309E-02   145.400452    
   8.56547505E-02   145.441437    
   8.56913701E-02   145.482956    
   8.57279897E-02   145.524811    
   8.57646093E-02   145.566788    
   8.58012289E-02   145.607788    
   8.58378485E-02   145.649979    
   8.58744681E-02   145.691422    
   8.59110877E-02   145.733582    
   8.59477073E-02   145.774979    
   8.59843269E-02   145.817200    
   8.60209465E-02   145.858749    
   8.60575661E-02   145.901123    
   8.60941857E-02   145.942993    
   8.61308053E-02   145.984970    
   8.61674249E-02   146.027374    
   8.62040445E-02   146.069336    
   8.62406641E-02   146.111877    
   8.62772837E-02   146.154022    
   8.63139033E-02   146.195602    
   8.63505229E-02   146.238327    
   8.63871425E-02   146.280350    
   8.64237621E-02   146.322769    
   8.64603817E-02   146.364777    
   8.64970013E-02   146.407303    
   8.65336210E-02   146.449356    
   8.65702406E-02   146.491989    
   8.66068602E-02   146.534042    
   8.66434798E-02   146.576569    
   8.66800994E-02   146.619110    
   8.67167190E-02   146.661362    
   8.67533386E-02   146.703827    
   8.67899582E-02   146.745804    
   8.68265778E-02   146.788361    
   8.68631974E-02   146.830917    
   8.68998170E-02   146.872894    
   8.69364366E-02   146.914886    
   8.69730562E-02   146.956757    
   8.70096758E-02   146.999374    
   8.70462954E-02   147.041489    
   8.70829150E-02   147.084152    
   8.71195346E-02   147.125839    
   8.71561542E-02   147.168365    
   8.71927738E-02   147.209915    
   8.72293934E-02   147.252197    
   8.72660130E-02   147.294464    
   8.73026326E-02   147.336761    
   8.73392522E-02   147.379471    
   8.73758718E-02   147.421921    
   8.74124914E-02   147.464355    
   8.74491110E-02   147.507187    
   8.74857306E-02   147.549194    
   8.75223503E-02   147.591690    
   8.75589699E-02   147.634079    
   8.75955895E-02   147.676178    
   8.76322091E-02   147.718582    
   8.76688287E-02   147.760330    
   8.77054483E-02   147.802673    
   8.77420679E-02   147.844543    
   8.77786875E-02   147.886429    
   8.78153071E-02   147.928391    
   8.78519267E-02   147.970703    
   8.78885463E-02   148.011948    
   8.79251659E-02   148.054123    
   8.79617855E-02   148.095047    
   8.79984051E-02   148.137039    
   8.80350247E-02   148.177811    
   8.80716443E-02   148.219650    
   8.81082639E-02   148.261536    
   8.81448835E-02   148.302689    
   8.81815031E-02   148.343414    
   8.82181227E-02   148.384430    
   8.82547423E-02   148.425125    
   8.82913619E-02   148.466003    
   8.83279815E-02   148.506180    
   8.83646011E-02   148.547104    
   8.84012207E-02   148.587463    
   8.84378403E-02   148.628784    
   8.84744599E-02   148.668503    
   8.85110795E-02   148.708084    
   8.85476992E-02   148.748566    
   8.85843188E-02   148.788666    
   8.86209384E-02   148.828537    
   8.86575580E-02   148.868683    
   8.86941776E-02   148.907684    
   8.87307972E-02   148.947723    
   8.87674168E-02   148.986481    
   8.88040364E-02   149.026062    
   8.88406560E-02   149.065155    
   8.88772756E-02   149.103439    
   8.89138952E-02   149.142761    
   8.89505148E-02   149.181305    
   8.89871344E-02   149.219940    
   8.90237540E-02   149.258728    
   8.90603736E-02   149.296829    
   8.90969932E-02   149.334961    
   8.91336128E-02   149.373657    
   8.91702324E-02   149.411270    
   8.92068520E-02   149.448624    
   8.92434716E-02   149.486771    
   8.92800912E-02   149.524445    
   8.93167108E-02   149.560577    
   8.93533304E-02   149.598343    
   8.93899500E-02   149.635025    
   8.94265696E-02   149.671997    
   8.94631892E-02   149.708939    
   8.94998088E-02   149.745529    
   8.95364285E-02   149.781525    
   8.95730481E-02   149.818573    
   8.96096677E-02   149.854416    
   8.96462873E-02   149.890625    
   8.96829069E-02   149.925720    
   8.97195265E-02   149.962143    
   8.97561461E-02   149.996765    
   8.97927657E-02   150.032532    
   8.98293853E-02   150.068268    
   8.98660049E-02   150.103226    
   8.99026245E-02   150.137802    
   8.99392441E-02   150.172256    
   8.99758637E-02   150.207520    
   9.00124833E-02   150.241821    
   9.00491029E-02   150.276001    
   9.00857225E-02   150.310165    
   9.01223421E-02   150.344620    
   9.01589617E-02   150.378128    
   9.01955813E-02   150.411011    
   9.02322009E-02   150.445633    
   9.02688205E-02   150.479080    
   9.03054401E-02   150.512329    
   9.03420597E-02   150.545258    
   9.03786793E-02   150.578323    
   9.04152989E-02   150.611115    
   9.04519185E-02   150.643570    
   9.04885381E-02   150.676132    
   9.05251577E-02   150.708252    
   9.05617774E-02   150.740112    
   9.05983970E-02   150.772964    
   9.06350166E-02   150.805222    
   9.06716362E-02   150.836624    
   9.07082558E-02   150.868378    
   9.07448754E-02   150.900009    
   9.07814950E-02   150.931610    
   9.08181146E-02   150.962982    
   9.08547342E-02   150.993958    
   9.08913538E-02   151.024490    
   9.09279734E-02   151.056366    
   9.09645930E-02   151.087341    
   9.10012126E-02   151.119217    
   9.10378322E-02   151.150284    
   9.10744518E-02   151.180511    
   9.11110714E-02   151.212280    
   9.11476910E-02   151.242630    
   9.11843106E-02   151.273666    
   9.12209302E-02   151.303284    
   9.12575498E-02   151.333954    
   9.12941694E-02   151.363953    
   9.13307890E-02   151.393875    
   9.13674086E-02   151.424271    
   9.14040282E-02   151.454239    
   9.14406478E-02   151.484299    
   9.14772674E-02   151.513458    
   9.15138870E-02   151.542389    
   9.15505067E-02   151.571915    
   9.15871263E-02   151.601181    
   9.16237459E-02   151.630203    
   9.16603655E-02   151.658615    
   9.16969851E-02   151.688858    
   9.17336047E-02   151.717224    
   9.17702243E-02   151.745560    
   9.18068439E-02   151.773972    
   9.18434635E-02   151.803024    
   9.18800831E-02   151.830933    
   9.19167027E-02   151.858841    
   9.19533223E-02   151.887161    
   9.19899419E-02   151.915359    
   9.20265615E-02   151.942780    
   9.20631811E-02   151.970627    
   9.20998007E-02   151.998856    
   9.21364203E-02   152.026520    
   9.21730399E-02   152.053757    
   9.22096595E-02   152.081497    
   9.22462791E-02   152.108948    
   9.22828987E-02   152.136032    
   9.23195183E-02   152.163559    
   9.23561379E-02   152.190781    
   9.23927575E-02   152.218063    
   9.24293771E-02   152.244614    
   9.24659967E-02   152.271805    
   9.25026163E-02   152.298538    
   9.25392359E-02   152.325043    
   9.25758556E-02   152.352158    
   9.26124752E-02   152.379379    
   9.26490948E-02   152.405518    
   9.26857144E-02   152.432404    
   9.27223340E-02   152.459015    
   9.27589536E-02   152.485031    
   9.27955732E-02   152.511536    
   9.28321928E-02   152.537476    
   9.28688124E-02   152.563797    
   9.29054320E-02   152.589645    
   9.29420516E-02   152.616531    
   9.29786712E-02   152.642563    
   9.30152908E-02   152.668228    
   9.30519104E-02   152.694580    
   9.30885300E-02   152.720779    
   9.31251496E-02   152.746155    
   9.31617692E-02   152.772736    
   9.31983888E-02   152.797882    
   9.32350084E-02   152.823944    
   9.32716280E-02   152.850693    
   9.33082476E-02   152.875854    
   9.33448672E-02   152.901703    
   9.33814868E-02   152.927063    
   9.34181064E-02   152.952927    
   9.34547260E-02   152.978363    
   9.34913456E-02   153.004395    
   9.35279652E-02   153.029495    
   9.35645849E-02   153.055267    
   9.36012045E-02   153.080399    
   9.36378241E-02   153.107010    
   9.36744437E-02   153.132126    
   9.37110633E-02   153.157806    
   9.37476829E-02   153.183212    
   9.37843025E-02   153.208389    
   9.38209221E-02   153.234100    
   9.38575417E-02   153.259537    
   9.38941613E-02   153.285614    
   9.39307809E-02   153.310211    
   9.39674005E-02   153.336182    
   9.40040201E-02   153.361557    
   9.40406397E-02   153.386459    
   9.40772593E-02   153.412277    
   9.41138789E-02   153.437653    
   9.41504985E-02   153.463165    
   9.41871181E-02   153.488358    
   9.42237377E-02   153.514221    
   9.42603573E-02   153.539291    
   9.42969769E-02   153.564606    
   9.43335965E-02   153.589767    
   9.43702161E-02   153.615814    
   9.44068357E-02   153.640640    
   9.44434553E-02   153.666428    
   9.44800749E-02   153.692093    
   9.45166945E-02   153.717361    
   9.45533141E-02   153.742935    
   9.45899338E-02   153.768433    
   9.46265534E-02   153.793686    
   9.46631730E-02   153.819122    
   9.46997926E-02   153.844803    
   9.47364122E-02   153.869690    
   9.47730318E-02   153.895828    
   9.48096514E-02   153.921432    
   9.48462710E-02   153.946579    
   9.48828906E-02   153.971909    
   9.49195102E-02   153.998123    
   9.49561298E-02   154.023392    
   9.49927494E-02   154.049332    
   9.50293690E-02   154.074677    
   9.50659886E-02   154.100296    
   9.51026082E-02   154.124954    
   9.51392278E-02   154.151352    
   9.51758474E-02   154.177216    
   9.52124670E-02   154.202393    
   9.52490866E-02   154.228104    
   9.52857062E-02   154.253922    
   9.53223258E-02   154.280350    
   9.53589454E-02   154.304962    
   9.53955650E-02   154.331757    
   9.54321846E-02   154.357574    
   9.54688042E-02   154.384018    
   9.55054238E-02   154.410034    
   9.55420434E-02   154.436081    
   9.55786631E-02   154.462875    
   9.56152827E-02   154.489304    
   9.56519023E-02   154.515060    
   9.56885219E-02   154.541870    
   9.57251415E-02   154.568481    
   9.57617611E-02   154.594376    
   9.57983807E-02   154.621353    
   9.58350003E-02   154.647598    
   9.58716199E-02   154.673843    
   9.59082395E-02   154.700317    
   9.59448591E-02   154.726868    
   9.59814787E-02   154.753006    
   9.60180983E-02   154.778931    
   9.60547179E-02   154.805908    
   9.60913375E-02   154.833130    
   9.61279571E-02   154.859192    
   9.61645767E-02   154.885727    
   9.62011963E-02   154.911972    
   9.62378159E-02   154.939789    
   9.62744355E-02   154.965897    
   9.63110551E-02   154.992920    
   9.63476747E-02   155.018570    
   9.63842943E-02   155.045563    
   9.64209139E-02   155.072189    
   9.64575335E-02   155.098602    
   9.64941531E-02   155.126266    
   9.65307727E-02   155.152496    
   9.65673923E-02   155.179062    
   9.66040120E-02   155.206085    
   9.66406316E-02   155.233536    
   9.66772512E-02   155.259689    
   9.67138708E-02   155.286743    
   9.67504904E-02   155.313629    
   9.67871100E-02   155.340271    
   9.68237296E-02   155.367401    
   9.68603492E-02   155.394470    
   9.68969688E-02   155.421890    
   9.69335884E-02   155.447830    
   9.69702080E-02   155.475479    
   9.70068276E-02   155.502029    
   9.70434472E-02   155.528992    
   9.70800668E-02   155.556152    
   9.71166864E-02   155.582825    
   9.71533060E-02   155.609833    
   9.71899256E-02   155.637497    
   9.72265452E-02   155.664108    
   9.72631648E-02   155.690857    
   9.72997844E-02   155.717697    
   9.73364040E-02   155.745453    
   9.73730236E-02   155.772354    
   9.74096432E-02   155.799179    
   9.74462628E-02   155.826767    
   9.74828824E-02   155.854126    
   9.75195020E-02   155.881210    
   9.75561216E-02   155.907730    
   9.75927413E-02   155.935760    
   9.76293609E-02   155.962296    
   9.76659805E-02   155.989838    
   9.77026001E-02   156.017166    
   9.77392197E-02   156.043518    
   9.77758393E-02   156.071228    
   9.78124589E-02   156.098831    
   9.78490785E-02   156.126389    
   9.78856981E-02   156.153229    
   9.79223177E-02   156.180023    
   9.79589373E-02   156.207474    
   9.79955569E-02   156.235352    
   9.80321765E-02   156.262634    
   9.80687961E-02   156.290009    
   9.81054157E-02   156.317352    
   9.81420353E-02   156.344772    
   9.81786549E-02   156.372070    
   9.82152745E-02   156.399323    
   9.82518941E-02   156.427246    
   9.82885137E-02   156.454193    
   9.83251333E-02   156.481339    
   9.83617529E-02   156.508896    
   9.83983725E-02   156.535950    
   9.84349921E-02   156.564926    
   9.84716117E-02   156.591171    
   9.85082313E-02   156.619019    
   9.85448509E-02   156.646881    
   9.85814705E-02   156.674316    
   9.86180902E-02   156.702377    
   9.86547098E-02   156.728958    
   9.86913294E-02   156.757263    
   9.87279490E-02   156.784821    
   9.87645686E-02   156.811951    
   9.88011882E-02   156.839447    
   9.88378078E-02   156.867722    
   9.88744274E-02   156.895172    
   9.89110470E-02   156.923126    
   9.89476666E-02   156.950562    
   9.89842862E-02   156.978943    
   9.90209058E-02   157.006516    
   9.90575254E-02   157.034134    
   9.90941450E-02   157.062256    
   9.91307646E-02   157.089859    
   9.91673842E-02   157.118027    
   9.92040038E-02   157.145935    
   9.92406234E-02   157.173264    
   9.92772430E-02   157.201630    
   9.93138626E-02   157.228683    
   9.93504822E-02   157.257019    
   9.93871018E-02   157.285248    
   9.94237214E-02   157.313385    
   9.94603410E-02   157.341492    
   9.94969606E-02   157.369446    
   9.95335802E-02   157.397659    
   9.95701998E-02   157.425797    
   9.96068195E-02   157.454453    
   9.96434391E-02   157.481781    
   9.96800587E-02   157.510147    
   9.97166783E-02   157.538727    
   9.97532979E-02   157.566711    
   9.97899175E-02   157.594833    
   9.98265371E-02   157.623138    
   9.98631567E-02   157.651520    
   9.98997763E-02   157.679886    
   9.99363959E-02   157.709122    
   9.99730155E-02   157.737274    
  0.100009635       157.765579    
